/*
    A DCL_runNLPIDSeries example with the 
    following controller parameters: 
    .Kp   = 3.5f,
    .Ki   = 0.004f,
    .Kd   = 0.35f,
    .alpha_p   = 0.8f,
	.alpha_i = 0.95f,
	.alpha_d = 1.0f,
	.delta_p = 0.15f,
	.delta_i = 0.15f,
	.delta_d = 0.15f,
	.c1 = 151.7093985989552f,
	.c2 = 0.517093985989552f,
	.Umax = 0.31f,
	.Umin = -0.27f,
*/
0.000000000000,
0.000000000000,
0.000000000000,
0.000000000000,
0.000000000000,
0.000000000000,
0.000000000000,
0.000000000000,
0.000000000000,
0.000000000000,
0.000000000000,
0.000000000000,
0.000000000000,
0.000000000000,
0.000000000000,
0.000000000000,
0.000000000000,
0.000000000000,
0.000000000000,
0.000000000000,
0.000000000000,
0.000000000000,
0.000000000000,
0.000000000000,
0.000000000000,
0.000000000000,
0.000000000000,
0.000000000000,
0.000000000000,
0.000000000000,
0.000000000000,
0.000000000000,
0.000000000000,
0.000000000000,
0.000000000000,
0.000000000000,
0.000000000000,
0.000000000000,
0.000000000000,
0.000000000000,
0.000000000000,
0.000000000000,
0.000000000000,
0.000000000000,
0.000000000000,
0.000000000000,
0.000000000000,
0.000000000000,
0.000000000000,
0.000000000000,
0.000000000000,
0.000000000000,
0.000000000000,
0.000000000000,
0.000000000000,
0.000000000000,
0.000000000000,
0.000000000000,
0.000000000000,
0.000000000000,
0.000000000000,
0.000000000000,
0.000000000000,
0.000000000000,
0.000000000000,
0.000000000000,
0.000000000000,
0.000000000000,
0.000000000000,
0.000000000000,
0.000000000000,
0.000000000000,
0.000000000000,
0.000000000000,
0.000000000000,
0.000000000000,
0.000000000000,
0.000000000000,
0.000000000000,
0.000000000000,
0.000000000000,
0.000000000000,
0.000000000000,
0.000000000000,
0.000000000000,
0.000000000000,
0.000000000000,
0.000000000000,
0.000000000000,
0.000000000000,
0.000000000000,
0.000000000000,
0.000000000000,
0.000000000000,
0.000000000000,
0.000000000000,
0.000000000000,
0.000000000000,
0.000000000000,
0.000000000000,
0.000000000000,
0.000000000000,
0.000000000000,
0.000000000000,
0.000000000000,
0.000000000000,
0.000000000000,
0.000000000000,
0.000000000000,
0.000000000000,
0.000000000000,
0.000000000000,
0.000000000000,
0.000000000000,
0.000000000000,
0.000000000000,
0.000000000000,
0.000000000000,
0.000000000000,
0.000000000000,
0.000000000000,
0.000000000000,
0.000000000000,
0.000000000000,
0.000000000000,
0.000000000000,
0.000000000000,
0.000000000000,
0.000000000000,
0.000000000000,
0.000000000000,
0.000000000000,
0.000000000000,
0.000000000000,
0.000000000000,
0.000000000000,
0.000000000000,
0.000000000000,
0.000000000000,
0.000000000000,
0.000000000000,
0.000000000000,
0.000000000000,
0.000000000000,
0.000000000000,
0.000000000000,
0.000000000000,
0.000000000000,
0.000000000000,
0.000000000000,
0.000000000000,
0.000000000000,
0.000000000000,
0.000000000000,
0.000000000000,
0.000000000000,
0.000000000000,
0.000000000000,
0.000000000000,
0.000000000000,
0.500000000000,
0.500000000000,
0.500000000000,
0.500000000000,
0.500000000000,
0.500000000000,
0.500000000000,
0.500000000000,
0.500000000000,
0.500000000000,
0.207602635026,
-0.250000000000,
-0.250000000000,
-0.250000000000,
-0.250000000000,
-0.250000000000,
-0.250000000000,
-0.250000000000,
-0.250000000000,
-0.250000000000,
-0.250000000000,
-0.250000000000,
-0.250000000000,
-0.250000000000,
-0.250000000000,
-0.250000000000,
-0.250000000000,
-0.250000000000,
-0.250000000000,
-0.250000000000,
-0.250000000000,
-0.250000000000,
-0.250000000000,
-0.250000000000,
-0.250000000000,
-0.250000000000,
-0.250000000000,
-0.250000000000,
-0.250000000000,
-0.250000000000,
-0.250000000000,
-0.250000000000,
-0.250000000000,
-0.250000000000,
-0.250000000000,
-0.250000000000,
-0.250000000000,
-0.250000000000,
-0.250000000000,
-0.250000000000,
-0.250000000000,
-0.250000000000,
-0.250000000000,
-0.250000000000,
-0.250000000000,
-0.250000000000,
-0.250000000000,
-0.250000000000,
-0.250000000000,
-0.250000000000,
-0.250000000000,
-0.250000000000,
-0.250000000000,
-0.250000000000,
-0.250000000000,
-0.250000000000,
-0.250000000000,
-0.250000000000,
-0.250000000000,
-0.250000000000,
-0.250000000000,
-0.250000000000,
-0.250000000000,
-0.250000000000,
-0.250000000000,
-0.250000000000,
0.067554742098,
0.322919130325,
0.379990667105,
0.500000000000,
0.500000000000,
0.500000000000,
0.500000000000,
0.448668658733,
0.370020031929,
0.288160443306,
0.208701848984,
0.130932763219,
0.054872721434,
0.100085645914,
0.095079049468,
0.096090242267,
0.216347396374,
0.285132497549,
0.358654469252,
0.430578917265,
0.500000000000,
0.500000000000,
0.500000000000,
0.500000000000,
0.500000000000,
0.500000000000,
0.500000000000,
0.500000000000,
0.500000000000,
0.500000000000,
0.500000000000,
0.500000000000,
0.500000000000,
0.500000000000,
0.500000000000,
0.426594376564,
0.156544506550,
0.068150445819,
-0.193987056613,
-0.250000000000,
-0.250000000000,
-0.250000000000,
-0.250000000000,
-0.250000000000,
-0.250000000000,
-0.250000000000,
-0.250000000000,
-0.250000000000,
-0.250000000000,
-0.250000000000,
-0.250000000000,
-0.250000000000,
-0.250000000000,
-0.250000000000,
-0.250000000000,
-0.250000000000,
-0.250000000000,
-0.250000000000,
-0.250000000000,
-0.250000000000,
-0.250000000000,
-0.250000000000,
-0.250000000000,
-0.250000000000,
-0.250000000000,
-0.250000000000,
-0.250000000000,
-0.250000000000,
-0.250000000000,
-0.250000000000,
-0.250000000000,
-0.250000000000,
-0.250000000000,
-0.250000000000,
-0.250000000000,
-0.250000000000,
-0.250000000000,
-0.250000000000,
-0.250000000000,
-0.250000000000,
-0.250000000000,
-0.250000000000,
-0.250000000000,
-0.250000000000,
-0.250000000000,
-0.250000000000,
-0.250000000000,
-0.250000000000,
-0.250000000000,
-0.250000000000,
-0.250000000000,
-0.250000000000,
-0.250000000000,
-0.250000000000,
-0.250000000000,
-0.235895991325,
-0.250000000000,
-0.250000000000,
-0.250000000000,
-0.135385572910,
-0.181142523885,
-0.170783638954,
-0.166951641440,
-0.162518993020,
-0.158292815089,
-0.154177993536,
-0.150182083249,
-0.146301075816,
-0.142532274127,
-0.138872995973,
-0.135320618749,
-0.131872519851,
-0.128526210785,
-0.125279247761,
-0.002499867231,
-0.051259994507,
-0.043820492923,
-0.042817819864,
-0.041127398610,
0.080061405897,
0.029790643603,
0.035770647228,
0.154993593693,
0.103519678116,
0.108267150819,
0.106691449881,
0.105904340744,
0.105095878243,
0.104357033968,
0.103676393628,
0.103054165840,
0.102489300072,
0.101980894804,
0.101528070867,
-0.018494531512,
0.032974928617,
0.028207339346,
0.029838461429,
0.030745333061,
0.031738225371,
-0.086894288659,
-0.034090433270,
-0.037570871413,
-0.034700807184,
-0.032601982355,
-0.030463185161,
-0.028375308961,
-0.026326745749,
-0.024317543954,
-0.022346504033,
-0.020412568003,
-0.018514685333,
-0.016651846468,
-0.014823071659,
-0.013027373701,
-0.011263836175,
-0.009531535208,
-0.007829569280,
-0.006157074124,
-0.004513196647,
-0.002897106111,
-0.001308001578,
-0.119374483824,
-0.066021502018,
-0.068985193968,
-0.065626136959,
-0.063066057861,
-0.060493189842,
-0.057997953147,
-0.055568307638,
-0.053203798831,
-0.050902828574,
-0.048663873225,
-0.046485479921,
-0.044366221875,
-0.042304724455,
-0.040299616754,
-0.038349591196,
-0.036453347653,
-0.034609645605,
-0.032817237079,
-0.031074952334,
-0.029381617904,
-0.027736097574,
-0.026137277484,
-0.024584081024,
-0.023075465113,
-0.021610390395,
-0.020187865943,
-0.018806900829,
-0.017466556281,
-0.016165897250,
-0.014904025942,
-0.013680040836,
-0.012493096292,
-0.011342350394,
-0.010226976126,
-0.009146187454,
-0.008099194616,
-0.007085237652,
-0.006103582680,
-0.005153503269,
-0.004234295338,
-0.003345273435,
-0.002485763282,
-0.001655116677,
-0.000852696598,
-0.000077880919,
0.000669945031,
0.001391362399,
0.002086944878,
0.002757258713,
0.003402855247,
0.004024263471,
0.004622008651,
0.124825991690,
0.073562428355,
0.078568689525,
0.077206552029,
0.076598912477,
0.075935162604,
0.075306825340,
0.074702933431,
0.074124127626,
0.073569804430,
0.073039487004,
0.072532683611,
0.072048939764,
-0.048041600734,
0.003334905952,
-0.001558855176,
-0.000084631145,
0.000634759665,
0.001409962773,
0.002149496228,
0.002864375710,
0.003554005176,
0.004219036549,
0.004859987646,
0.005477387458,
0.006071735173,
0.006643522531,
0.126822650433,
0.075535252690,
0.080518722534,
0.079134792089,
0.078506350517,
0.077822729945,
0.077175460756,
0.076553545892,
0.075957596302,
0.075387001038,
0.074841238558,
0.074319817126,
0.073822245002,
0.073348067701,
0.072896808386,
-0.047161392868,
0.004247337580,
-0.000614326447,
0.000891871750,
0.001643110067,
0.002450048923,
0.003221206367,
0.003967598081,
0.004688631743,
0.005384955555,
0.006057105958,
0.006705600768,
0.007330946624,
0.007933638990,
0.008514160290,
0.009072985500,
0.009610567242,
0.129756763577,
0.078437715769,
0.083390735090,
0.081977561116,
0.081321015954,
0.080610446632,
0.079937323928,
0.079290643334,
0.078670963645,
0.078077673912,
0.077510215342,
-0.042661327869,
0.008636817336,
0.003667280078,
0.005068246275,
0.005716823041,
0.006423611194,
0.007097057998,
0.007748126984,
0.008376166224,
0.008981768042,
0.009565405548,
0.010127540678,
0.010668635368,
0.011189129204,
0.011689450592,
0.012170027941,
0.012631263584,
0.013073567301,
0.013497326523,
0.133532315493,
0.082104638219,
0.086951516569,
0.085434637964,
0.084676772356,
0.083867192268,
0.083097316325,
0.082356080413,
0.081644013524,
0.080960415304,
0.080304697156,
0.079676285386,
-0.040554773062,
0.010685252026,
0.005658958107,
0.007004495710,
0.007598944008,
0.008252862841,
0.008874684572,
0.009475320578,
0.010054104030,
0.010611586273,
0.011148223653,
0.011664450169,
0.012160688639,
0.012637365609,
0.013094883412,
0.013533633202,
0.013954006135,
0.014356378466,
0.134370520711,
0.082922488451,
0.087749540806,
0.086213327944,
0.085436597466,
0.084608629346,
0.083820819855,
0.083062097430,
0.082332968712,
0.081632748246,
0.080960810184,
0.080316580832,
-0.039929907769,
0.011295082048,
0.006254121661,
0.007585357875,
0.008165858686,
0.008806180209,
0.009414736181,
0.010002439842,
0.010568615049,
0.011113801971,
0.011638443917,
0.012142971158,
0.012627806515,
0.013093361631,
0.013540029526,
0.013968203217,
0.014378262684,
0.014770574868,
0.134774908423,
0.083317324519,
0.088135033846,
0.086589723825,
0.085804134607,
0.084967516363,
0.084171272814,
0.083404317498,
0.082667171955,
0.081959128380,
0.081279560924,
0.080627903342,
-0.039625838399,
0.011592082679,
0.006544224918,
0.007868740708,
0.008442685008,
0.009076610208,
0.009678930044,
0.010260555893,
0.010820796713,
0.011360198259,
0.011879201978,
0.012378230691,
0.012857705355,
0.013318032026,
0.013759599999,
0.014182802290,
0.014588009566,
0.014975596219,
0.134975314140,
0.083513230085,
0.088326565921,
0.086776986718,
0.085987210274,
0.085146524012,
0.084346309304,
0.083575502038,
0.082834586501,
0.082122862339,
0.081439711154,
0.080784551799,
-0.039472594857,
0.011742003262,
0.006690900773,
0.008012250066,
0.008583117276,
0.009214039892,
0.009813427925,
0.010392192751,
0.010949648917,
0.011486334726,
0.012002689764,
0.012499138713,
0.012976093218,
0.013433957472,
0.013873131946,
0.014294002205,
0.014696931466,
0.015082297847,
0.135079860687,
0.083615653217,
0.088426932693,
0.086875334382,
0.086083613336,
0.085241019726,
0.084438949823,
0.083666324615,
0.082923635840,
0.082210183144,
0.081525348127,
0.080868557096,
-0.039390202612,
0.011822843924,
0.006770223379,
0.008090090007,
0.008659508079,
0.009289015085,
0.009887030348,
0.010464455932,
0.011020600796,
0.011556014419,
0.012071125209,
0.012566357851,
0.013042135164,
0.013498848304,
0.013936899602,
0.014356672764,
0.014758536592,
0.015142861754,
0.135139405727,
0.083674214780,
0.088484525681,
0.086931988597,
0.086139351130,
0.085295855999,
0.084492921829,
0.083719447255,
0.082975931466,
0.082261666656,
0.081576049328,
0.080918490887,
-0.039341010153,
0.011871296912,
0.006817966700,
0.008137140423,
0.008705880493,
0.009334728122,
0.009932098910,
0.010508896783,
0.011064432561,
0.011599250138,
0.012113779783,
0.012608449906,
0.013083674014,
0.013539850712,
0.013977378607,
0.014396635816,
0.014798002318,
0.015181843191,
0.135177910328,
0.083712264895,
0.088522121310,
0.086969152093,
0.086176082492,
0.085332170129,
0.084528833628,
0.083754956722,
0.083011053503,
0.082296416163,
0.081610433757,
0.080952502787,
-0.039307344705,
0.011904628947,
0.006850969046,
0.008169818670,
0.008738245815,
0.009366786107,
0.009963860735,
0.010540366173,
0.011095616966,
0.011630157009,
0.012144418433,
0.012638825923,
0.013113787398,
0.013569714502,
0.014006998390,
0.014426019043,
0.014827158302,
0.015210768208,
0.135206609964,
0.083740755916,
0.088550411165,
0.086997233331,
0.086203962564,
0.085359863937,
0.084556333721,
0.083782270551,
0.083038195968,
0.082323387265,
0.081637233496,
0.080979138613,
-0.039280865341,
0.011930946261,
0.006877128035,
0.008195832372,
0.008764110506,
0.009392511100,
0.009989447892,
0.010565819219,
0.011120941490,
0.011655353010,
0.012169489637,
0.012663777918,
0.013138623908,
0.013594437391,
0.014031609520,
0.014450522140,
0.014851553366,
0.015235062689,
0.135230809450,
0.083764851093,
0.088574409485,
0.087021142244,
0.086227782071,
0.085383601487,
0.084579981863,
0.083805844188,
0.083061680198,
0.082346796989,
0.081660561264,
0.081002399325,
-0.039257679135,
0.011954059824,
0.006900176406,
0.008218813688,
0.008787028491,
0.009415369481,
0.010012246668,
-0.250000000000,
-0.250000000000,
-0.250000000000,
-0.250000000000,
-0.250000000000,
-0.250000000000,
-0.250000000000,
-0.250000000000,
-0.250000000000,
-0.250000000000,
-0.086035579443,
0.500000000000,
0.500000000000,
0.500000000000,
0.500000000000,
0.500000000000,
0.500000000000,
0.500000000000,
0.500000000000,
0.500000000000,
0.500000000000,
0.500000000000,
0.500000000000,
0.500000000000,
0.500000000000,
0.500000000000,
0.500000000000,
0.500000000000,
0.500000000000,
0.500000000000,
0.500000000000,
0.500000000000,
0.500000000000,
0.500000000000,
0.500000000000,
0.500000000000,
0.500000000000,
0.500000000000,
0.500000000000,
0.500000000000,
0.500000000000,
0.500000000000,
0.500000000000,
0.500000000000,
0.500000000000,
0.500000000000,
0.500000000000,
0.500000000000,
0.500000000000,
0.500000000000,
0.500000000000,
0.500000000000,
0.500000000000,
0.500000000000,
0.500000000000,
0.500000000000,
0.500000000000,
0.500000000000,
0.500000000000,
0.500000000000,
0.500000000000,
0.500000000000,
0.500000000000,
0.500000000000,
0.500000000000,
0.500000000000,
0.500000000000,
0.500000000000,
0.500000000000,
0.500000000000,
0.500000000000,
0.500000000000,
0.500000000000,
0.500000000000,
0.500000000000,
0.356832772493,
0.018948379904,
-0.237928241491,
-0.250000000000,
-0.250000000000,
-0.250000000000,
-0.250000000000,
-0.250000000000,
-0.250000000000,
-0.250000000000,
-0.218301177025,
-0.139578446746,
-0.062510371208,
-0.106749475002,
0.018829828128,
-0.033071581274,
-0.147951900959,
-0.098110713065,
-0.223691761494,
-0.250000000000,
-0.250000000000,
-0.250000000000,
-0.250000000000,
-0.250000000000,
-0.250000000000,
-0.250000000000,
-0.250000000000,
-0.250000000000,
-0.250000000000,
-0.250000000000,
-0.250000000000,
-0.250000000000,
-0.250000000000,
-0.250000000000,
-0.250000000000,
-0.250000000000,
-0.250000000000,
-0.153752714396,
0.055404767394,
0.266041129827,
0.471912622452,
0.500000000000,
0.500000000000,
0.500000000000,
0.500000000000,
0.500000000000,
0.500000000000,
0.500000000000,
0.500000000000,
0.500000000000,
0.500000000000,
0.500000000000,
0.500000000000,
0.500000000000,
0.500000000000,
0.500000000000,
0.500000000000,
0.500000000000,
0.500000000000,
0.500000000000,
0.500000000000,
0.500000000000,
0.500000000000,
0.500000000000,
0.500000000000,
0.500000000000,
0.500000000000,
0.500000000000,
0.500000000000,
0.500000000000,
0.500000000000,
0.500000000000,
0.500000000000,
0.500000000000,
0.500000000000,
0.500000000000,
0.500000000000,
0.500000000000,
0.500000000000,
0.500000000000,
0.500000000000,
0.500000000000,
0.500000000000,
0.500000000000,
0.500000000000,
0.500000000000,
0.500000000000,
0.500000000000,
0.500000000000,
0.500000000000,
0.500000000000,
0.500000000000,
0.420350193977,
0.461363613605,
0.326167762280,
0.369180828333,
0.235838666558,
0.280651688576,
0.268670737743,
0.263347387314,
0.257460951805,
0.251827865839,
0.246350854635,
0.241036683321,
0.235880255699,
0.230877950788,
0.226026222110,
0.221321478486,
0.216760277748,
0.212339237332,
0.208055108786,
0.203904673457,
0.080260828137,
0.128181919456,
0.119937784970,
0.118161775172,
-0.003895117436,
0.045636836439,
0.038936637342,
-0.080974683166,
-0.030160740018,
-0.035539045930,
-0.154190093279,
-0.102164730430,
-0.106380783021,
-0.104293540120,
-0.103014327586,
-0.101732775569,
-0.100539490581,
-0.099422656000,
-0.098382115364,
-0.097416453063,
0.023099601269,
-0.027894139290,
-0.022669285536,
-0.023860890418,
-0.024345627055,
0.094690531492,
0.042278416455,
0.046134840697,
0.043624874204,
0.041870664805,
0.040061239153,
0.157911866903,
0.104349747300,
0.107102476060,
0.103532835841,
0.100762255490,
0.097978860140,
0.095273032784,
0.092632606626,
0.090057127178,
-0.032079156488,
0.017283607274,
0.010416707955,
0.009954876266,
0.008774474263,
0.007685175166,
0.006594443694,
0.005512361415,
0.004437350668,
0.003369171172,
0.002307440154,
0.120875805616,
0.068012505770,
0.071444384754,
0.068534895778,
0.066405884922,
0.064245946705,
0.181769937277,
0.127904713154,
0.130377441645,
0.126550510526,
0.123545043170,
0.120548747480,
0.117651686072,
0.114841349423,
0.112116962671,
0.109476432204,
0.106917925179,
0.104439556599,
0.102039597929,
-0.019907772541,
0.029657188803,
0.023005630821,
0.022772165015,
0.021833010018,
0.020997734740,
0.020173676312,
0.019370801747,
0.018587425351,
0.017823185772,
0.017077602446,
0.016350213438,
0.015640556812,
0.014948206954,
0.014272724278,
0.013613692485,
0.012970705517,
0.012343361042,
0.011731273495,
0.011134064756,
0.010551364161,
0.009982812218,
0.009428056888,
0.008886757307,
0.008358578198,
0.127467215061,
0.075150907040,
0.079136542976,
0.076787613332,
0.075225986540,
0.073640301824,
0.072121411562,
0.070657610893,
-0.050375096500,
0.000083391555,
-0.005695230793,
-0.005075848196,
-0.005181728397,
-0.005202832632,
-0.124855346978,
-0.073067426682,
-0.077567517757,
-0.075719274580,
-0.074644967914,
-0.073533542454,
-0.072476185858,
-0.071461506188,
-0.070489831269,
0.050063867122,
-0.000860994682,
0.004463587888,
0.003402192146,
0.003077788278,
0.002680046484,
0.002300864086,
0.121553547680,
0.069377638400,
0.073499985039,
0.071284167469,
0.069852150977,
0.068392656744,
0.066996626556,
-0.053971558809,
-0.003450414632,
-0.009168345481,
-0.008490174077,
-0.008539120667,
-0.008505101316,
-0.128104254603,
-0.076264709234,
-0.080714821815,
-0.078818261623,
-0.077697232366,
-0.076540626585,
-0.075439617038,
-0.074382774532,
-0.073370359838,
0.047222658992,
-0.003664250486,
0.001696943305,
0.000670856796,
0.000380488113,
0.000015540980,
0.119291938841,
0.067137628794,
0.071280755103,
0.069084785879,
0.067671731114,
0.066230326891,
0.064851552248,
0.063523814082,
0.062247179449,
-0.058603532612,
-0.007967954502,
-0.013574276119,
-0.012787267566,
-0.012730078772,
-0.012592556886,
-0.132090777159,
-0.080152794719,
-0.084506936371,
-0.082516774535,
-0.081304460764,
-0.080058842897,
-0.078871026635,
-0.077729538083,
-0.076634585857,
0.044038932770,
-0.006769473199,
-0.001331725158,
-0.002283159643,
-0.002500728704,
-0.002794682048,
0.116550952196,
0.064464144409,
0.068673111498,
0.066541336477,
0.065190896392,
0.063810549676,
0.062491320074,
0.061221629381,
0.060001622885,
-0.060793880373,
-0.010104457848,
-0.015658272430,
-0.014820057899,
-0.014712935314,
-0.014526719227,
-0.133977457881,
-0.081993170083,
-0.086302146316,
-0.084267944098,
-0.083012692630,
-0.081725195050,
-0.080496549606,
-0.079315230250,
-0.078181430697,
0.042529959232,
-0.008241515607,
-0.002767752856,
-0.003684065305,
-0.003867384046,
-0.004127938300,
0.115250274539,
0.063195228577,
0.067435167730,
0.065333604813,
0.064012616873,
0.062660992146,
0.061369769275,
0.060127403587,
0.058934032917,
-0.061835490167,
-0.011120735668,
-0.016649845988,
-0.015787541866,
-0.015656925738,
-0.015447800979,
-0.134876191616,
-0.082870125771,
-0.087157852948,
-0.085102930665,
-0.083827480674,
-0.082520276308,
-0.081272415817,
-0.080072358251,
-0.078920297325,
0.041808914393,
-0.008945185691,
-0.003454477526,
-0.004354266450,
-0.004521471448,
-0.004766311962,
0.114627227187,
0.062587119639,
0.066841632128,
0.064754270017,
0.063447147608,
0.062109045684,
0.060830995440,
0.059601478279,
0.058420646936,
-0.062336660922,
-0.011609987356,
-0.017127476633,
-0.016253838316,
-0.016112171113,
-0.015892267227,
-0.135310158134,
-0.083293832839,
-0.087571561337,
-0.085506901145,
-0.084221936762,
-0.082905471325,
-0.081648558378,
-0.080439701676,
-0.079279035330,
0.041458562016,
-0.009287364781,
-0.003788685426,
-0.004680701066,
-0.004840324633,
-0.005077772308,
0.114322982728,
0.062289897352,
0.066551268101,
0.064470604062,
0.063169993460,
0.061838246882,
0.060566395521,
0.059342931956,
0.058167986572,
-0.062583565712,
-0.011851285584,
-0.017363306135,
-0.016484336928,
-0.016337469220,
-0.016112495214,
-0.135525435209,
-0.083504289389,
-0.087777331471,
-0.085708081722,
-0.084418639541,
-0.083097808063,
-0.081836655736,
-0.080623634160,
-0.079458929598,
0.041282612830,
-0.009459468536,
-0.003957038745,
-0.004845397081,
-0.005001454614,
-0.005235424731,
0.114168718457,
0.062138952315,
0.066403545439,
0.064326010644,
0.063028469682,
0.061699710786,
0.060430787504,
0.059210158885,
0.058038000017,
-0.062710851431,
-0.011975931935,
-0.017485380173,
-0.016603901982,
-0.016454588622,
-0.016227228567,
-0.135637834668,
-0.083614431322,
-0.087885245681,
-0.085813842714,
-0.084522299469,
-0.083199426532,
-0.081936269999,
-0.080721296370,
-0.079554684460,
0.041188705713,
-0.009551564232,
-0.004047370050,
-0.004934007302,
-0.005088387057,
-0.005320720375,
0.114085011184,
0.062056798488,
0.066322907805,
0.064246863127,
0.062950767577,
0.061623416841,
0.060355857015,
0.059136573225,
0.057965710759,
-0.062781862915,
-0.012045700103,
-0.017553936690,
-0.016671279445,
-0.016520814970,
-0.016292333603,
-0.135701850057,
-0.083677381277,
-0.087947160006,
-0.085874736309,
-0.084582202137,
-0.083258353174,
-0.081994257867,
-0.080778375268,
-0.079610869288,
0.041133396327,
-0.009606024250,
-0.004100999329,
-0.004986827262,
-0.005140417255,
-0.005371980835,
0.114034496248,
0.062007024884,
0.066273853183,
0.064198501408,
0.062903076410,
0.061576396227,
0.060309484601,
0.059090822935,
0.057920578867,
-0.062826402485,
-0.012089658529,
-0.017597325146,
-0.016714110970,
-0.016563106328,
-0.016334094107,
-0.135743096471,
-0.083718113601,
-0.087987408042,
-0.085914507508,
-0.084621511400,
-0.083297215402,
-0.082032665610,
-0.080816358328,
-0.079648427665,
0.041096247733,
-0.009642771445,
-0.004137356766,
-0.005022803321,
-0.005176021717,
-0.005407223012,
0.113999612629,
0.061972472817,
0.066239632666,
0.064164623618,
0.062869518995,
0.061543144286,
0.060276538134,
0.059058178216,
0.057888217270,
-0.062858469784,
-0.012121453881,
-0.017628854141,
-0.016745379195,
-0.016594117507,
-0.016364859417,
-0.135773614049,
-0.083748400211,
-0.088017463684,
-0.085944339633,
-0.084651120007,
-0.083326607943,
-0.082061856985,
-0.080845333636,
-0.079677216709,
0.041067659855,
-0.009671172127,
-0.004165573977,
-0.005050841253,
-0.005203885026,
-0.005434916355,
0.113972097635,
0.061945110559,
0.066212430596,
0.064137563109,
0.062842607498,
0.061516381800,
0.060249924660,
0.059031695127,
0.057861875743,
-0.062884688377,
-0.012147540227,
-0.017654813826,
-0.016771215945,
-0.016619835049,
-0.016390459612,
-0.135799109936,
-0.083773776889,
-0.088042736053,
-0.085969500244,
-0.084676176310,
-0.083351574838,
-0.082086727023,
-0.080870106816,
-0.079701885581,
0.041043080389,
-0.009695664048,
-0.004189978819,
-0.005075162277,
-0.005228124093,
-0.005459075328,
0.113948002458,
0.061921108514,
0.066188499331,
0.064113706350,
0.062818825245,
0.061492666602,
0.060226269066,
0.059008110315,
0.057838357985,
-0.062908142805,
-0.012170930393,
-0.017678145319,
-0.016794489697,
-0.016643051058,
-0.016413621604,
-0.135822221637,
-0.083796828985,
-0.088065735996,
-0.085992455482,
-0.084699086845,
-0.083374425769,
-0.082109533250,
-0.080892868340,
-0.079724617302,
0.041020389646,
-0.009718310088,
-0.004212584812,
-0.005097728223,
-0.005250650458,
-0.005481563974,
0.113925553858,
0.061898693442,
0.066166117787,
0.064091362059,
0.062796518207,
0.061470396817,
0.060204029083,
0.058985903859,
0.057816173881,
-0.062930293381,
-0.012193057686,
-0.017700243741,
-0.016816560179,
-0.016665097326,
-0.016435641795,
-0.135844215751,
-0.083818808198,
-0.088087677956,
-0.086014375091,
-0.084720991552,
-0.083396308124,
-0.082131385803,
-0.080914705992,
-0.079746425152,
0.040998592973,
-0.009740086272,
-0.004234341439,
-0.005119466223,
-0.005272370763,
-0.005503265653,
0.113903865218,
0.061877023429,
0.066144466400,
0.064069733024,
0.062774896622,
0.061448782682,
0.060182429850,
0.058964323252,
0.057794608176,
-0.062951847911,
-0.012214598246,
-0.017721772194,
-0.016838075593,
-0.016686599702,
-0.016457131132,
-0.135865688324,
-0.083840265870,
-0.088109135628,
-0.086035817862,
-0.084742426872,
-0.083417728543,
-0.082152806222,
-0.080936118960,
-0.079767830670,
0.040977209806,
-0.009761461988,
-0.004255708307,
-0.005140824243,
-0.005293719936,
-0.005524606910,
0.113882541656,
0.061855696142,
0.066123150289,
0.064048416913,
0.062753587961,
0.061427488923,
0.060161143541,
0.058943033218,
0.057773325592,
-0.062973119318,
-0.012235865928,
-0.017743032426,
-0.016859330237,
-0.016707848758,
-0.016478374600,
-0.135886907578,
-0.083861500025,
-0.088130369782,
-0.086057044566,
-0.084763638675,
-0.083438947797,
-0.082174003124,
-0.080957315862,
-0.079789012671,
0.040956020355,
-0.009782646783,
-0.004276888911,
-0.005162000656,
-0.005314892158,
-0.005545774940,
0.113861367106,
0.061834540218,
0.066101990640,
0.064027264714,
0.062732443213,
0.061406344175,
0.060140006244,
0.058921907097,
0.057752206922,
-0.062994241714,
-0.012256979942,
-0.017764145508,
-0.016880439594,
-0.016728956252,
-0.016499478370,
-0.135908022523,
-0.083882600069,
-0.088151462376,
-0.086078137159,
-0.084784731269,
-0.083460025489,
-0.082195095718,
-0.080978401005,
-0.079810105264,
0.040934942663,
-0.009803723544,
-0.004297963344,
-0.005183073692,
-0.005335963331,
-0.005566844717,
0.113840304315,
0.061813473701,
0.066080927849,
0.064006201923,
0.062711387873,
0.061385288835,
0.060118943453,
0.058900840580,
0.057731140405,
-0.063015297055,
-0.012278038077,
-0.017785202712
