/*
    A DCL_runDF11 example with the 
    following controller parameters: 
    .a1 = -0.5170939860f,
    .b0 = 1.3436620732f,
    .b1 = -0.3488624959f,
*/
0.000000,
0.000000,
0.000000,
0.000000,
0.000000,
0.000000,
0.000000,
0.000000,
0.000000,
0.000000,
0.000000,
0.000000,
0.000000,
0.000000,
0.000000,
0.000000,
0.000000,
0.000000,
0.000000,
0.000000,
0.000000,
0.000000,
0.000000,
0.000000,
0.000000,
0.000000,
0.000000,
0.000000,
0.000000,
0.000000,
0.000000,
0.000000,
0.000000,
0.000000,
0.000000,
0.000000,
0.000000,
0.000000,
0.000000,
0.000000,
0.000000,
0.000000,
0.000000,
0.000000,
0.000000,
0.000000,
0.000000,
0.000000,
0.000000,
0.000000,
0.000000,
0.000000,
0.000000,
0.000000,
0.000000,
0.000000,
0.000000,
0.000000,
0.000000,
0.000000,
0.000000,
0.000000,
0.000000,
0.000000,
0.000000,
0.000000,
0.000000,
0.000000,
0.000000,
0.000000,
0.000000,
0.000000,
0.000000,
0.000000,
0.000000,
0.000000,
0.000000,
0.000000,
0.000000,
0.000000,
0.000000,
0.000000,
0.000000,
0.000000,
0.000000,
0.000000,
0.000000,
0.000000,
0.000000,
0.000000,
0.000000,
0.000000,
0.000000,
0.000000,
0.000000,
0.000000,
0.000000,
0.000000,
0.000000,
0.000000,
0.000000,
0.000000,
0.000000,
0.000000,
0.000000,
0.000000,
0.000000,
0.000000,
0.000000,
0.000000,
0.000000,
0.000000,
0.000000,
0.000000,
0.000000,
0.000000,
0.000000,
0.000000,
0.000000,
0.000000,
0.000000,
0.000000,
0.000000,
0.000000,
0.000000,
0.000000,
0.000000,
0.000000,
0.000000,
0.000000,
0.000000,
0.000000,
0.000000,
0.000000,
0.000000,
0.000000,
0.000000,
0.000000,
0.000000,
0.000000,
0.000000,
0.000000,
0.000000,
0.000000,
0.000000,
0.000000,
0.000000,
0.000000,
0.000000,
0.000000,
0.000000,
0.000000,
0.000000,
0.000000,
0.000000,
0.000000,
0.000000,
0.000000,
0.000000,
0.000000,
0.134366,
0.168960,
0.186520,
0.195357,
0.199684,
0.201351,
0.202055,
0.201520,
0.200843,
0.199679,
0.198348,
0.196932,
0.195143,
0.193246,
0.191622,
0.189397,
0.187361,
0.185336,
0.182990,
0.180562,
0.178420,
0.176013,
0.173554,
0.170740,
0.168156,
0.165605,
0.162744,
0.160135,
0.157244,
0.154620,
0.151720,
0.149092,
0.146190,
0.143233,
0.140574,
0.137657,
0.134691,
0.132029,
0.129109,
0.126143,
0.123479,
0.120560,
0.117593,
0.114930,
0.112010,
0.109371,
0.106464,
0.103832,
0.101256,
0.098382,
0.095767,
0.093200,
0.090658,
0.088130,
0.085608,
0.083089,
0.080573,
0.078057,
0.075870,
0.073439,
0.070968,
0.068804,
0.066386,
0.064249,
0.062172,
0.060127,
0.058098,
0.056077,
0.054061,
0.052047,
0.050034,
0.048349,
0.046422,
0.044453,
0.042792,
0.041205,
0.039327,
0.037713,
0.036149,
0.034612,
0.033089,
0.031573,
0.030388,
0.028961,
0.027495,
0.026337,
0.024924,
0.023792,
0.022722,
0.021354,
0.020247,
0.019188,
0.018155,
0.017135,
0.016122,
0.015112,
0.014433,
0.013510,
0.012547,
0.011892,
0.010982,
0.010354,
0.009458,
0.008837,
0.008273,
0.007411,
0.006807,
0.006252,
0.005722,
0.005205,
0.004695,
0.004188,
0.003684,
0.003180,
0.003004,
0.002586,
0.002126,
0.001974,
0.001567,
0.001114,
0.000964,
0.000559,
0.000435,
0.000043,
-0.000075,
-0.000464,
-0.000580,
-0.000640,
-0.000671,
-0.001015,
-0.001108,
-0.001156,
-0.001180,
-0.001521,
-0.001612,
-0.001660,
-0.001684,
-0.001696,
-0.001703,
-0.001706,
-0.001708,
-0.001709,
-0.002038,
-0.002122,
-0.002166,
-0.002189,
-0.002200,
-0.002206,
-0.001882,
-0.001799,
-0.001756,
-0.001734,
-0.001722,
-0.001716,
-0.001713,
-0.001712,
-0.001711,
-0.001710,
-0.001710,
-0.001710,
-0.001710,
-0.001710,
-0.001710,
-0.001382,
-0.001297,
-0.001254,
-0.001231,
-0.001220,
-0.001214,
-0.001210,
-0.001209,
-0.001208,
-0.001208,
-0.001207,
-0.001207,
-0.001207,
-0.001207,
-0.001207,
-0.001207,
-0.000879,
-0.000795,
-0.000751,
-0.000728,
-0.000717,
-0.000711,
-0.000707,
-0.000706,
-0.000705,
-0.000705,
-0.000704,
-0.001032,
-0.001117,
-0.001160,
-0.001183,
-0.001195,
-0.001201,
-0.001204,
-0.001205,
-0.001206,
-0.001207,
-0.001207,
-0.001207,
-0.001207,
-0.001535,
-0.001620,
-0.001663,
-0.001686,
-0.001697,
-0.001704,
-0.001707,
-0.001708,
-0.002037,
-0.002122,
-0.002166,
-0.002189,
-0.002200,
-0.002534,
-0.002622,
-0.002667,
-0.002691,
-0.002703,
-0.003037,
-0.003125,
-0.003170,
-0.003194,
-0.003206,
-0.003540,
-0.003628,
-0.003673,
-0.003697,
-0.004037,
-0.004128,
-0.004174,
-0.004199,
-0.004539,
-0.004630,
-0.004677,
-0.004702,
-0.005042,
-0.005133,
-0.005180,
-0.005204,
-0.005545,
-0.005636,
-0.005683,
-0.005707,
-0.006048,
-0.006139,
-0.006186,
-0.006210,
-0.006551,
-0.006642,
-0.006689,
-0.007041,
-0.007138,
-0.007189,
-0.007214,
-0.007556,
-0.007647,
-0.007695,
-0.007719,
-0.008060,
-0.008151,
-0.008198,
-0.008222,
-0.008563,
-0.008654,
-0.008701,
-0.008725,
-0.009066,
-0.009157,
-0.009204,
-0.009228,
-0.009569,
-0.009660,
-0.009707,
-0.009731,
-0.010072,
-0.010162,
-0.010210,
-0.010234,
-0.010574,
-0.010665,
-0.010712,
-0.010737,
-0.010749,
-0.011084,
-0.011172,
-0.011217,
-0.011241,
-0.011253,
-0.011587,
-0.011675,
-0.011720,
-0.011744,
-0.011756,
-0.011762,
-0.012093,
-0.012179,
-0.012224,
-0.012247,
-0.012259,
-0.012265,
-0.012268,
-0.012598,
-0.012683,
-0.012727,
-0.012750,
-0.012762,
-0.012768,
-0.012771,
-0.013101,
-0.013186,
-0.013230,
-0.013253,
-0.013265,
-0.013271,
-0.013274,
-0.013276,
-0.013277,
-0.013277,
-0.013605,
-0.013690,
-0.013734,
-0.013756,
-0.013768,
-0.013774,
-0.013777,
-0.013779,
-0.013780,
-0.013780,
-0.013780,
-0.013780,
-0.013780,
-0.013780,
-0.013780,
-0.013780,
-0.014108,
-0.014193,
-0.014237,
-0.014259,
-0.014271,
-0.014277,
-0.014280,
-0.014282,
-0.014282,
-0.014283,
-0.014283,
-0.014283,
-0.014283,
-0.014283,
-0.014283,
-0.014283,
-0.014283,
-0.014283,
-0.014283,
-0.014283,
-0.014283,
-0.014283,
-0.014283,
-0.014283,
-0.014283,
-0.014283,
-0.014283,
-0.014283,
-0.014283,
-0.013955,
-0.013871,
-0.013827,
-0.013805,
-0.013793,
-0.013787,
-0.013784,
-0.013782,
-0.013781,
-0.013781,
-0.013781,
-0.013781,
-0.013781,
-0.013780,
-0.013780,
-0.013780,
-0.013780,
-0.013780,
-0.013780,
-0.013780,
-0.013780,
-0.013780,
-0.013452,
-0.013368,
-0.013324,
-0.013302,
-0.013290,
-0.013284,
-0.013281,
-0.013279,
-0.013278,
-0.013278,
-0.013278,
-0.013278,
-0.013278,
-0.013278,
-0.013278,
-0.012949,
-0.012865,
-0.012821,
-0.012799,
-0.012787,
-0.012781,
-0.012778,
-0.012776,
-0.012775,
-0.012775,
-0.012775,
-0.012775,
-0.012775,
-0.012775,
-0.012447,
-0.012362,
-0.012318,
-0.012296,
-0.012284,
-0.012278,
-0.012275,
-0.012273,
-0.012273,
-0.012272,
-0.012272,
-0.012272,
-0.012272,
-0.011944,
-0.011859,
-0.011815,
-0.011793,
-0.011781,
-0.011775,
-0.011772,
-0.011770,
-0.011770,
-0.011769,
-0.011769,
-0.011769,
-0.011441,
-0.011356,
-0.011313,
-0.011290,
-0.011278,
-0.011272,
-0.011269,
-0.011267,
-0.011267,
-0.011266,
-0.011266,
-0.011266,
-0.010938,
-0.010853,
-0.010810,
-0.010787,
-0.010775,
-0.010769,
-0.010766,
-0.010765,
-0.010764,
-0.010763,
-0.010763,
-0.010763,
-0.010435,
-0.010350,
-0.010307,
-0.010284,
-0.010272,
-0.010266,
-0.010263,
-0.010262,
-0.010261,
-0.010260,
-0.010260,
-0.009932,
-0.009847,
-0.009804,
-0.009781,
-0.009769,
-0.009763,
-0.009760,
-0.009759,
-0.009758,
-0.009757,
-0.009757,
-0.009757,
-0.009429,
-0.009344,
-0.009301,
-0.009278,
-0.009267,
-0.009260,
-0.009257,
-0.009256,
-0.009255,
-0.009254,
-0.009254,
-0.009254,
-0.008926,
-0.008842,
-0.008798,
-0.008775,
-0.008764,
-0.008758,
-0.008754,
-0.008753,
-0.008752,
-0.008752,
-0.008751,
-0.008751,
-0.008423,
-0.008339,
-0.008295,
-0.008272,
-0.008261,
-0.008255,
-0.008251,
-0.008250,
-0.008249,
-0.008249,
-0.008248,
-0.008248,
-0.008248,
-0.007920,
-0.007836,
-0.007792,
-0.007769,
-0.007758,
-0.007752,
-0.007749,
-0.007747,
-0.007746,
-0.007746,
-0.007745,
-0.007745,
-0.007417,
-0.007333,
-0.007289,
-0.007266,
-0.007255,
-0.007249,
-0.007246,
-0.007244,
-0.007243,
-0.007243,
-0.007243,
-0.007242,
-0.007242,
-0.006914,
-0.006830,
-0.006786,
-0.006764,
-0.006752,
-0.006746,
-0.006743,
-0.006741,
-0.006740,
-0.006740,
-0.006740,
-0.006739,
-0.006739,
-0.006411,
-0.006327,
-0.006283,
-0.006261,
-0.006249,
-0.006243,
-0.006240,
-0.006238,
-0.006237,
-0.006237,
-0.006237,
-0.006237,
-0.006236,
-0.005908,
-0.005824,
-0.005780,
-0.005758,
-0.005746,
-0.005740,
-0.005737,
-0.005735,
-0.005734,
-0.005734,
-0.005734,
-0.005734,
-0.005734,
-0.005734,
-0.005405,
-0.005321,
-0.005277,
-0.005255,
-0.005243,
-0.005237,
-0.005234,
-0.005232,
-0.005231,
-0.005231,
-0.005231,
-0.005231,
-0.005231,
-0.005231,
-0.004903,
-0.004818,
-0.004774,
-0.004752,
-0.004740,
-0.004734,
-0.004731,
-0.004729,
-0.004728,
-0.004728,
-0.004728,
-0.004728,
-0.004728,
-0.004728,
-0.004728,
-0.004400,
-0.004315,
-0.004271,
-0.004249,
-0.004237,
-0.004231,
-0.004228,
-0.004226,
-0.004226,
-0.004225,
-0.004225,
-0.004225,
-0.004225,
-0.004225,
-0.004225,
-0.004225,
-0.003897,
-0.003812,
-0.003768,
-0.138112,
-0.172694,
-0.190248,
-0.199083,
-0.203408,
-0.205073,
-0.205449,
-0.205157,
-0.204521,
-0.203378,
-0.202058,
-0.200319,
-0.198777,
-0.196922,
-0.194992,
-0.193022,
-0.191032,
-0.188704,
-0.186285,
-0.184149,
-0.181744,
-0.179286,
-0.176801,
-0.173974,
-0.171382,
-0.168828,
-0.165965,
-0.163355,
-0.160463,
-0.157839,
-0.154939,
-0.151983,
-0.148997,
-0.146323,
-0.143399,
-0.140429,
-0.137764,
-0.134844,
-0.131877,
-0.128885,
-0.126209,
-0.123283,
-0.120312,
-0.117647,
-0.114727,
-0.112087,
-0.109180,
-0.106548,
-0.103644,
-0.101013,
-0.098439,
-0.095565,
-0.092950,
-0.090383,
-0.087842,
-0.085313,
-0.082791,
-0.080601,
-0.078169,
-0.075697,
-0.073532,
-0.071113,
-0.068976,
-0.066572,
-0.064442,
-0.062369,
-0.060326,
-0.058298,
-0.056278,
-0.054262,
-0.052248,
-0.050235,
-0.048550,
-0.046623,
-0.044983,
-0.043078,
-0.041449,
-0.039879,
-0.038338,
-0.036813,
-0.035295,
-0.033782,
-0.032271,
-0.030761,
-0.029252,
-0.028071,
-0.026646,
-0.025509,
-0.024435,
-0.023066,
-0.021958,
-0.020899,
-0.019865,
-0.018845,
-0.017832,
-0.016822,
-0.015815,
-0.014808,
-0.014129,
-0.013208,
-0.012573,
-0.011674,
-0.011052,
-0.010159,
-0.009540,
-0.008977,
-0.008442,
-0.007595,
-0.007000,
-0.006449,
-0.005921,
-0.005405,
-0.004896,
-0.004717,
-0.004297,
-0.003837,
-0.003356,
-0.003193,
-0.002780,
-0.002324,
-0.002173,
-0.001767,
-0.001642,
-0.001250,
-0.001132,
-0.000743,
-0.000627,
-0.000567,
-0.000208,
-0.000108,
-0.000056,
0.000299,
0.000398,
0.000448,
0.000475,
0.000488,
0.000823,
0.000912,
0.000957,
0.000981,
0.000993,
0.000999,
0.001002,
0.001004,
0.001005,
0.001005,
0.001006,
0.001006,
0.001006,
0.001006,
0.001006,
0.001006,
0.001006,
0.001006,
0.001006,
0.001006,
0.001006,
0.001006,
0.001006,
0.001006,
0.001006,
0.001006,
0.001006,
0.001006,
0.001006,
0.001006,
0.000678,
0.000593,
0.000550,
0.000527,
0.000515,
0.000509,
0.000506,
0.000505,
0.000504,
0.000503,
0.000503,
0.000503,
0.000503,
0.000503,
0.000503,
0.000503,
0.000503,
0.000503,
0.000503,
0.000503,
0.000503,
0.000503,
0.000503,
0.000503,
0.000503,
0.000503,
0.000503,
0.000503,
0.000503,
0.000831,
0.000915,
0.000959,
0.000982,
0.000993,
0.000999,
0.001003,
0.001004,
0.001005,
0.001333,
0.001418,
0.001462,
0.001485,
0.001496,
0.001502,
0.001833,
0.001920,
0.001964,
0.001987,
0.001999,
0.002005,
0.002336,
0.002422,
0.002467,
0.002490,
0.002502,
0.002836,
0.002924,
0.002969,
0.002993,
0.003333,
0.003423,
0.003470,
0.003495,
0.003835,
0.003926,
0.003973,
0.003997,
0.004338,
0.004429,
0.004476,
0.004500,
0.004841,
0.004932,
0.004979,
0.005331,
0.005428,
0.005479,
0.005505,
0.005846,
0.005937,
0.005985,
0.006009,
0.006350,
0.006441,
0.006488,
0.006840,
0.006937,
0.006987,
0.007013,
0.007355,
0.007446,
0.007493,
0.007518,
0.007859,
0.007950,
0.007997,
0.008349,
0.008446,
0.008496,
0.008522,
0.008864,
0.008955,
0.009002,
0.009027,
0.009367,
0.009458,
0.009505,
0.009530,
0.009870,
0.009961,
0.010008,
0.010033,
0.010373,
0.010464,
0.010511,
0.010536,
0.010548,
0.010883,
0.010971,
0.011016,
0.011039,
0.011380,
0.011470,
0.011517,
0.011542,
0.011554,
0.011561,
0.011892,
0.011978,
0.012023,
0.012046,
0.012058,
0.012392,
0.012480,
0.012525,
0.012548,
0.012560,
0.012567,
0.012570,
0.012900,
0.012985,
0.013029,
0.013052,
0.013064,
0.013070,
0.013073,
0.013403,
0.013488,
0.013532,
0.013555,
0.013567,
0.013573,
0.013576,
0.013578,
0.013578,
0.013579,
0.013907,
0.013992,
0.014035,
0.014058,
0.014070,
0.014076,
0.014079,
0.014080,
0.014081,
0.014082,
0.014082,
0.014082,
0.014082,
0.014082,
0.014082,
0.014082,
0.014410,
0.014495,
0.014538,
0.014561,
0.014573,
0.014579,
0.014582,
0.014583,
0.014584,
0.014585,
0.014585,
0.014585,
0.014585,
0.014585,
0.014585,
0.014585,
0.014585,
0.014585,
0.014585,
0.014585,
0.014585,
0.014585,
0.014585,
0.014585,
0.014585,
0.014585,
0.014585,
0.014585,
0.014257,
0.014173,
0.014129,
0.014106,
0.014095,
0.014089,
0.014086,
0.014084,
0.014083,
0.014083,
0.014082,
0.014082,
0.014082,
0.014082,
0.014082,
0.014082,
0.014082,
0.014082,
0.014082,
0.014082,
0.014082,
0.014082,
0.014082,
0.013754,
0.013670,
0.013626,
0.013603,
0.013592,
0.013586,
0.013583,
0.013581,
0.013580,
0.013580,
0.013580,
0.013579,
0.013579,
0.013579,
0.013579,
0.013251,
0.013167,
0.013123,
0.013101,
0.013089,
0.013083,
0.013080,
0.013078,
0.013077,
0.013077,
0.013077,
0.013076,
0.013076,
0.012748,
0.012664,
0.012620,
0.012598,
0.012586,
0.012580,
0.012577,
0.012575,
0.012574,
0.012574,
0.012574,
0.012574,
0.012573,
0.012245,
0.012161,
0.012117,
0.012095,
0.012083,
0.012077,
0.012074,
0.012072,
0.012071,
0.012071,
0.012071,
0.012071,
0.011742,
0.011658,
0.011614,
0.011592,
0.011580,
0.011574,
0.011571,
0.011569,
0.011568,
0.011568,
0.011568,
0.011568,
0.011240,
0.011155,
0.011111,
0.011089,
0.011077,
0.011071,
0.011068,
0.011066,
0.011065,
0.011065,
0.011065,
0.011065,
0.010737,
0.010652,
0.010608,
0.010586,
0.010574,
0.010568,
0.010565,
0.010563,
0.010563,
0.010562,
0.010562,
0.010234,
0.010149,
0.010106,
0.010083,
0.010071,
0.010065,
0.010062,
0.010060,
0.010060,
0.010059,
0.010059,
0.010059,
0.009731,
0.009646,
0.009603,
0.009580,
0.009568,
0.009562,
0.009559,
0.009558,
0.009557,
0.009556,
0.009556,
0.009228,
0.009143,
0.009100,
0.009077,
0.009065,
0.009059,
0.009056,
0.009055,
0.009054,
0.009053,
0.009053,
0.009053,
0.008725,
0.008640,
0.008597,
0.008574,
0.008562,
0.008556,
0.008553,
0.008552,
0.008551,
0.008550,
0.008550,
0.008550,
0.008222,
0.008137,
0.008094,
0.008071,
0.008059,
0.008053,
0.008050,
0.008049,
0.008048,
0.008047,
0.008047,
0.008047,
0.007719,
0.007635,
0.007591,
0.007568,
0.007557,
0.007551,
0.007547,
0.007546,
0.007545,
0.007545,
0.007544,
0.007544,
0.007216,
0.007132,
0.007088,
0.007065,
0.007054,
0.007048,
0.007044,
0.007043,
0.007042,
0.007042,
0.007041,
0.007041,
0.007041,
0.006713,
0.006629,
0.006585,
0.006562,
0.006551,
0.006545,
0.006542,
0.006540,
0.006539,
0.006539,
0.006538,
0.006538,
0.006538,
0.006210,
0.006126,
0.006082,
0.006059,
0.006048,
0.006042,
0.006039,
0.006037,
0.006036,
0.006036,
0.006035,
0.006035,
0.006035,
0.005707,
0.005623,
0.005579,
0.005556,
0.005545,
0.005539,
0.005536,
0.005534,
0.005533,
0.005533,
0.005533,
0.005532,
0.005532,
0.005532,
0.005204,
0.005120,
0.005076,
0.005054,
0.005042,
0.005036,
0.005033,
0.005031,
0.005030,
0.005030,
0.005030,
0.005029,
0.005029,
0.005029,
0.005029,
0.004701,
0.004617,
0.004573,
0.004551,
0.004539,
0.004533,
0.004530,
0.004528,
0.004527,
0.004527,
0.004527,
0.004527,
0.004526,
0.004526,
0.004526,
0.004198,
0.004114,
0.004070,
0.004048,
0.004036,
0.004030,
0.004027,
0.004025,
0.004024,
0.004024,
0.004024,
0.004024,
0.004024,
0.004024,
0.004024,
0.004023,
0.003695,
0.003611,
0.003567,
0.003545,
0.003533,
0.003527,
0.003524,
0.003522,
0.003521,
0.003521,
0.003521,
0.003521,
0.003521,
0.003521,
0.003521,
0.003521,
0.003521,
0.003193,
0.003108,
0.003064,
0.003042,
0.003030,
0.003024,
0.003021,
0.003019,
0.003019,
0.003018,
0.003018,
0.003018,
0.003018,
0.003018,
0.003018,
0.003018,
0.003018,
0.003018,
0.003018,
0.003018,
0.002690,
0.002605,
0.002561,
0.002539,
0.002527,
0.002521,
0.002518,
0.002516,
0.002516,
0.002515,
0.002515,
0.002515,
0.002515,
0.002515,
0.002515,
0.002515,
0.002515,
0.002515,
0.002515,
0.002515,
0.002515,
0.002187,
0.002102,
0.002059,
0.002036,
0.002024,
0.002018,
0.002015,
0.002013,
0.002013,
0.002012,
0.002012,
0.002012,
0.002012,
0.002012,
0.002012,
0.002012,
0.002012,
0.002012,
0.002012,
0.002012,
0.002012,
0.002012,
0.002012,
0.002012,
0.002012,
0.001684,
0.001599,
0.001556,
0.001533,
0.001521,
0.001515,
0.001512,
0.001511,
0.001510,
0.001509,
0.001509,
0.001509,
0.001509,
0.001509,
0.001509,
0.001509,
0.001509,
0.001509,
0.001509,
0.001509,
0.001509,
0.001509,
0.001509,
0.001509,
0.001509,
0.001509,
0.001509,
0.001509,
0.001181,
0.001096,
0.001053,
0.001030,
0.001018,
0.001012,
0.001009,
0.001008,
0.001007,
0.001006,
0.001006,
0.001006,
0.001006,
0.001006,
0.001006,
0.001006,
0.001006,
0.001006,
0.001006,
0.001006,
0.001006,
0.001006,
0.001006,
0.001006,
0.001006,
0.001006,
0.001006,
0.001006,
0.001006,
0.001006,
0.001006,
0.001006,
0.001006,
0.001006,
0.001006,
0.001006,
0.001006,
0.000678,
0.000593,
0.000550,
0.000527,
0.000515,
0.000509,
0.000506
