/*
    A DCL_runDF11 example with the 
    following controller parameters: 
    .a1 = -0.8284895037f,
    .b0 = 1.6284895037f,
    .b1 = -0.5493277469f,
*/
-0.036800,
-0.036654,
-0.036533,
-0.036432,
-0.036349,
-0.036280,
-0.036222,
-0.036175,
-0.036136,
-0.036103,
-0.035679,
-0.035461,
-0.035281,
-0.035131,
-0.035008,
-0.034905,
-0.034820,
-0.034750,
-0.034692,
-0.034643,
-0.034603,
-0.034570,
-0.034145,
-0.033927,
-0.033746,
-0.033597,
-0.033473,
-0.033370,
-0.033285,
-0.033214,
-0.033156,
-0.033108,
-0.033067,
-0.033034,
-0.032609,
-0.032391,
-0.032210,
-0.032061,
-0.031937,
-0.031834,
-0.031749,
-0.031678,
-0.031620,
-0.031571,
-0.031531,
-0.031101,
-0.030878,
-0.030693,
-0.030540,
-0.030413,
-0.030309,
-0.030222,
-0.030150,
-0.030090,
-0.030040,
-0.029999,
-0.029965,
-0.029540,
-0.029321,
-0.029140,
-0.028990,
-0.028866,
-0.028763,
-0.028677,
-0.028607,
-0.028548,
-0.028500,
-0.028459,
-0.028426,
-0.028001,
-0.027783,
-0.027602,
-0.027452,
-0.027328,
-0.027226,
-0.027140,
-0.027070,
-0.027011,
-0.026963,
-0.026923,
-0.026890,
-0.026465,
-0.026246,
-0.026066,
-0.025916,
-0.025792,
-0.025689,
-0.025604,
-0.025534,
-0.025475,
-0.025427,
-0.025387,
-0.025353,
-0.025326,
-0.024906,
-0.024691,
-0.024514,
-0.024367,
-0.024245,
-0.024144,
-0.024061,
-0.023991,
-0.023934,
-0.023886,
-0.023847,
-0.023814,
-0.023390,
-0.023172,
-0.022992,
-0.022842,
-0.022719,
-0.022616,
-0.022531,
-0.022461,
-0.022402,
-0.022354,
-0.022314,
-0.022281,
-0.022253,
-0.021833,
-0.021619,
-0.021441,
-0.021295,
-0.021173,
-0.021072,
-0.020988,
-0.020919,
-0.020862,
-0.020814,
-0.020775,
-0.020742,
-0.020715,
-0.020295,
-0.020081,
-0.019904,
-0.019757,
-0.019636,
-0.019535,
-0.019452,
-0.019382,
-0.019325,
-0.019278,
-0.019238,
-0.019206,
-0.019179,
-0.018759,
-0.018545,
-0.018368,
-0.018221,
-0.018100,
-0.017999,
-0.017915,
-0.017846,
-0.017789,
-0.017741,
-0.017702,
-0.017670,
-0.017643,
-0.017620,
-0.017204,
-0.016993,
-0.016819,
-0.016674,
-0.016555,
-0.016455,
-0.016373,
-0.016305,
-0.016249,
-0.016202,
-0.016163,
-0.016131,
-0.016104,
-0.016082,
-0.015667,
-0.015456,
-0.015282,
-0.015137,
-0.015018,
-0.014919,
-0.014837,
-0.014769,
-0.014712,
-0.014665,
-0.014627,
-0.014595,
-0.014568,
-0.014546,
-0.014528,
-0.014115,
-0.013907,
-0.013735,
-0.013593,
-0.013475,
-0.013377,
-0.013296,
-0.013228,
-0.013173,
-0.013127,
-0.013088,
-0.013057,
-0.013030,
-0.013009,
-0.012991,
-0.012976,
-0.012566,
-0.012360,
-0.012190,
-0.174898,
-0.254767,
-0.320540,
-0.374769,
-0.419433,
-0.455776,
-0.485359,
-0.509341,
-0.528684,
-0.543784,
-0.555504,
-0.564025,
-0.570429,
-0.574547,
-0.576905,
-0.577804,
-0.577495,
-0.575788,
-0.573056,
-0.569873,
-0.565785,
-0.561080,
-0.555865,
-0.549829,
-0.543646,
-0.537205,
-0.530155,
-0.523130,
-0.515595,
-0.508169,
-0.500302,
-0.492204,
-0.483913,
-0.475862,
-0.467476,
-0.458948,
-0.450699,
-0.442150,
-0.433487,
-0.424728,
-0.416289,
-0.407582,
-0.398787,
-0.390318,
-0.381586,
-0.373169,
-0.364480,
-0.356099,
-0.347440,
-0.339083,
-0.330842,
-0.322299,
-0.314038,
-0.305877,
-0.297798,
-0.289788,
-0.281834,
-0.274324,
-0.266651,
-0.258977,
-0.251699,
-0.244218,
-0.237100,
-0.229752,
-0.222744,
-0.215884,
-0.209147,
-0.202511,
-0.195960,
-0.189478,
-0.183055,
-0.176679,
-0.170740,
-0.164632,
-0.158915,
-0.152991,
-0.147426,
-0.142026,
-0.136761,
-0.131609,
-0.126550,
-0.121568,
-0.116651,
-0.111786,
-0.106966,
-0.102579,
-0.098020,
-0.093850,
-0.089869,
-0.085645,
-0.081754,
-0.078003,
-0.074368,
-0.070830,
-0.067371,
-0.063979,
-0.060642,
-0.057350,
-0.054493,
-0.051466,
-0.048828,
-0.045981,
-0.043494,
-0.040772,
-0.038387,
-0.036148,
-0.034030,
-0.031614,
-0.029483,
-0.027453,
-0.025509,
-0.023634,
-0.021818,
-0.020447,
-0.018914,
-0.017380,
-0.015846,
-0.014709,
-0.013369,
-0.011996,
-0.010993,
-0.009764,
-0.008879,
-0.007749,
-0.006947,
-0.005885,
-0.005139,
-0.004521,
-0.003612,
-0.002992,
-0.002479,
-0.001656,
-0.001109,
-0.000655,
-0.000279,
0.000032,
0.000688,
0.001097,
0.001435,
0.001716,
0.001949,
0.002141,
0.002301,
0.002433,
0.002543,
0.002634,
0.002709,
0.002771,
0.002823,
0.002866,
0.002901,
0.002930,
0.002955,
0.002975,
0.002992,
0.003005,
0.003017,
0.003026,
0.003034,
0.003041,
0.003046,
0.003051,
0.003054,
0.003057,
0.003060,
0.003062,
0.002666,
0.002472,
0.002312,
0.002179,
0.002069,
0.001977,
0.001902,
0.001839,
0.001787,
0.001744,
0.001708,
0.001679,
0.001654,
0.001634,
0.001617,
0.001603,
0.001592,
0.001582,
0.001574,
0.001568,
0.001562,
0.001558,
0.001554,
0.001551,
0.001549,
0.001546,
0.001545,
0.001543,
0.001542,
0.001939,
0.002133,
0.002294,
0.002428,
0.002538,
0.002630,
0.002706,
0.002769,
0.002821,
0.003261,
0.003492,
0.003684,
0.003842,
0.003974,
0.004083,
0.004570,
0.004840,
0.005064,
0.005249,
0.005403,
0.005530,
0.006033,
0.006316,
0.006550,
0.006744,
0.006905,
0.007435,
0.007741,
0.007994,
0.008204,
0.008775,
0.009114,
0.009395,
0.009628,
0.010219,
0.010574,
0.010868,
0.011112,
0.011711,
0.012074,
0.012374,
0.012623,
0.013227,
0.013593,
0.013896,
0.014545,
0.014949,
0.015283,
0.015560,
0.016187,
0.016572,
0.016892,
0.017156,
0.017773,
0.018150,
0.018462,
0.019118,
0.019528,
0.019867,
0.020148,
0.020779,
0.021167,
0.021489,
0.021755,
0.022373,
0.022752,
0.023065,
0.023722,
0.024132,
0.024472,
0.024754,
0.025385,
0.025774,
0.026096,
0.026362,
0.026981,
0.027359,
0.027673,
0.027932,
0.028545,
0.028919,
0.029228,
0.029485,
0.030095,
0.030466,
0.030773,
0.031028,
0.031239,
0.031812,
0.032152,
0.032434,
0.032667,
0.033259,
0.033614,
0.033909,
0.034153,
0.034355,
0.034522,
0.035059,
0.035369,
0.035626,
0.035839,
0.036016,
0.036559,
0.036876,
0.037138,
0.037355,
0.037535,
0.037684,
0.037807,
0.038307,
0.038587,
0.038819,
0.039012,
0.039171,
0.039303,
0.039412,
0.039900,
0.040171,
0.040394,
0.040580,
0.040734,
0.040861,
0.040967,
0.041054,
0.041126,
0.041186,
0.041634,
0.041870,
0.042066,
0.042228,
0.042363,
0.042474,
0.042567,
0.042643,
0.042706,
0.042759,
0.042802,
0.042838,
0.042868,
0.042893,
0.042913,
0.042930,
0.043342,
0.043549,
0.043720,
0.043862,
0.043980,
0.044078,
0.044158,
0.044225,
0.044281,
0.044327,
0.044365,
0.044396,
0.044422,
0.044444,
0.044462,
0.044477,
0.044489,
0.044499,
0.044508,
0.044515,
0.044521,
0.044525,
0.044529,
0.044533,
0.044535,
0.044538,
0.044540,
0.044541,
0.044145,
0.043951,
0.043790,
0.043656,
0.043546,
0.043454,
0.043379,
0.043316,
0.043264,
0.043221,
0.043185,
0.043155,
0.043131,
0.043111,
0.043094,
0.043080,
0.043068,
0.043059,
0.043051,
0.043044,
0.043039,
0.043034,
0.043030,
0.042630,
0.042432,
0.042268,
0.042132,
0.042020,
0.041927,
0.041849,
0.041785,
0.041732,
0.041688,
0.041652,
0.041622,
0.041597,
0.041576,
0.041559,
0.041147,
0.040940,
0.040769,
0.040627,
0.040509,
0.040411,
0.040330,
0.040264,
0.040208,
0.040162,
0.040124,
0.040092,
0.040066,
0.039647,
0.039434,
0.039257,
0.039111,
0.038990,
0.038889,
0.038806,
0.038737,
0.038680,
0.038633,
0.038593,
0.038561,
0.038534,
0.038114,
0.037900,
0.037723,
0.037577,
0.037455,
0.037354,
0.037271,
0.037202,
0.037144,
0.037097,
0.037058,
0.037025,
0.036601,
0.036383,
0.036203,
0.036053,
0.035929,
0.035827,
0.035742,
0.035672,
0.035613,
0.035565,
0.035525,
0.035492,
0.035067,
0.034849,
0.034668,
0.034518,
0.034394,
0.034292,
0.034207,
0.034136,
0.034078,
0.034029,
0.033989,
0.033956,
0.033531,
0.033313,
0.033132,
0.032982,
0.032858,
0.032756,
0.032671,
0.032600,
0.032542,
0.032493,
0.032453,
0.032022,
0.031799,
0.031615,
0.031462,
0.031335,
0.031230,
0.031143,
0.031071,
0.031012,
0.030962,
0.030921,
0.030887,
0.030461,
0.030243,
0.030062,
0.029912,
0.029787,
0.029684,
0.029599,
0.029528,
0.029470,
0.029421,
0.029381,
0.028950,
0.028727,
0.028543,
0.028390,
0.028263,
0.028158,
0.028071,
0.027999,
0.027939,
0.027890,
0.027849,
0.027815,
0.027389,
0.027171,
0.026989,
0.026839,
0.026715,
0.026612,
0.026527,
0.026456,
0.026398,
0.026349,
0.026309,
0.026276,
0.025850,
0.025632,
0.025452,
0.025302,
0.025178,
0.025075,
0.024990,
0.024919,
0.024861,
0.024812,
0.024772,
0.024739,
0.024314,
0.024096,
0.023915,
0.023765,
0.023641,
0.023539,
0.023454,
0.023383,
0.023325,
0.023276,
0.023236,
0.023203,
0.022778,
0.022560,
0.022379,
0.022229,
0.022105,
0.022003,
0.021917,
0.021847,
0.021788,
0.021740,
0.021700,
0.021667,
0.021639,
0.021219,
0.021005,
0.020827,
0.020680,
0.020558,
0.020457,
0.020374,
0.020305,
0.020247,
0.020200,
0.020160,
0.020128,
0.020101,
0.019681,
0.019467,
0.019290,
0.019143,
0.019021,
0.018921,
0.018837,
0.018768,
0.018711,
0.018663,
0.018624,
0.018591,
0.018564,
0.018144,
0.017931,
0.017753,
0.017607,
0.017485,
0.017384,
0.017301,
0.017232,
0.017174,
0.017127,
0.017088,
0.017055,
0.017028,
0.017006,
0.016590,
0.016379,
0.016205,
0.016060,
0.015940,
0.015841,
0.015759,
0.015691,
0.015634,
0.015587,
0.015549,
0.015517,
0.015490,
0.015468,
0.015450,
0.015037,
0.014829,
0.014657,
0.014514,
0.014396,
0.014298,
0.014217,
0.014150,
0.014094,
0.014048,
0.014010,
0.013978,
0.013952,
0.013930,
0.013912,
0.013500,
0.013292,
0.013120,
0.012978,
0.012860,
0.012762,
0.012681,
0.012614,
0.012558,
0.012512,
0.012474,
0.012442,
0.012416,
0.012394,
0.012376,
0.012361,
0.011951,
0.011746,
0.011576,
0.011435,
0.011318,
0.011221,
0.011141,
0.011074,
0.011019,
0.010973,
0.010936,
0.010904,
0.010878,
0.010857,
0.010839,
0.010824,
0.010812,
0.010404,
0.010201,
0.010032,
0.009892,
0.009776,
0.009680,
0.009601,
0.009535,
0.009481,
0.009435,
0.009398,
0.009367,
0.009341,
0.009320,
0.009302,
0.009288,
0.009275,
0.009265,
0.009257,
0.009250,
0.008847,
0.008647,
0.008481,
0.008344,
0.008230,
0.008136,
0.008058,
0.007993,
0.007940,
0.007895,
0.007858,
0.007828,
0.007803,
0.007782,
0.007764,
0.007750,
0.007738,
0.007728,
0.007720,
0.007713,
0.007708,
0.007306,
0.007107,
0.006942,
0.006805,
0.006692,
0.006598,
0.006520,
0.006456,
0.006402,
0.006358,
0.006322,
0.006291,
0.006266,
0.006245,
0.006228,
0.006214,
0.006202,
0.006192,
0.006184,
0.006177,
0.006172,
0.006167,
0.006163,
0.006160,
0.006157,
0.005758,
0.005560,
0.005397,
0.005262,
0.005150,
0.005057,
0.004980,
0.004916,
0.004864,
0.004820,
0.004784,
0.004754,
0.004729,
0.004708,
0.004691,
0.004677,
0.004665,
0.004655,
0.004647,
0.004641,
0.004635,
0.004631,
0.004627,
0.004624,
0.004621,
0.004619,
0.004617,
0.004616,
0.004217,
0.004021,
0.003858,
0.003723,
0.003612,
0.003519,
0.003442,
0.003379,
0.003326,
0.003283,
0.003247,
0.003217,
0.003192,
0.003171,
0.003154,
0.003140,
0.003129,
0.003119,
0.003111,
0.003104,
0.003099,
0.003094,
0.003091,
0.003087,
0.003085,
0.003083,
0.003081,
0.003079,
0.003078,
0.003077,
0.003076,
0.003076,
0.003075,
0.003075,
0.003074,
0.003074,
0.003074,
0.002676,
0.002480,
0.002318,
0.002184,
0.002073,
0.001981,
0.001905