/*
    A DCL_runDF11 example with the 
    following controller parameters: 
    .a1 = -1.8277396009f,
    .b0 = 0.8277396009f,
    .b1 = 0.2153188876f,
*/
-0.044003,
-0.043695,
-0.043470,
-0.043307,
-0.043188,
-0.043101,
-0.043038,
-0.042992,
-0.042959,
-0.042935,
-0.042917,
-0.042604,
-0.042178,
-0.041868,
-0.041642,
-0.041477,
-0.041358,
-0.041271,
-0.041207,
-0.041161,
-0.041128,
-0.041103,
-0.041085,
-0.040773,
-0.040346,
-0.040036,
-0.039810,
-0.039645,
-0.039526,
-0.039439,
-0.039375,
-0.039329,
-0.039295,
-0.039271,
-0.039253,
-0.038941,
-0.038514,
-0.038204,
-0.037978,
-0.037813,
-0.037694,
-0.037606,
-0.037543,
-0.037497,
-0.037463,
-0.037439,
-0.037121,
-0.036691,
-0.036378,
-0.036151,
-0.035985,
-0.035864,
-0.035776,
-0.035712,
-0.035666,
-0.035632,
-0.035607,
-0.035590,
-0.035277,
-0.034850,
-0.034540,
-0.034314,
-0.034149,
-0.034030,
-0.033942,
-0.033879,
-0.033833,
-0.033799,
-0.033775,
-0.033757,
-0.033444,
-0.033018,
-0.032707,
-0.032481,
-0.032317,
-0.032197,
-0.032110,
-0.032047,
-0.032001,
-0.031967,
-0.031943,
-0.031925,
-0.031612,
-0.031186,
-0.030875,
-0.030649,
-0.030485,
-0.030365,
-0.030278,
-0.030215,
-0.030169,
-0.030135,
-0.030111,
-0.030093,
-0.030080,
-0.029771,
-0.029347,
-0.029038,
-0.028814,
-0.028650,
-0.028531,
-0.028445,
-0.028382,
-0.028336,
-0.028303,
-0.028278,
-0.028261,
-0.027948,
-0.027522,
-0.027211,
-0.026985,
-0.026821,
-0.026701,
-0.026614,
-0.026551,
-0.026505,
-0.026471,
-0.026447,
-0.026429,
-0.026416,
-0.026107,
-0.025683,
-0.025374,
-0.025150,
-0.024986,
-0.024867,
-0.024781,
-0.024718,
-0.024672,
-0.024639,
-0.024614,
-0.024597,
-0.024584,
-0.024275,
-0.023851,
-0.023542,
-0.023318,
-0.023154,
-0.023035,
-0.022949,
-0.022886,
-0.022840,
-0.022807,
-0.022782,
-0.022765,
-0.022752,
-0.022443,
-0.022019,
-0.021710,
-0.021486,
-0.021322,
-0.021203,
-0.021117,
-0.021054,
-0.021008,
-0.020974,
-0.020950,
-0.020933,
-0.020920,
-0.020910,
-0.020604,
-0.020182,
-0.019874,
-0.019651,
-0.019488,
-0.019370,
-0.019284,
-0.019221,
-0.019175,
-0.019142,
-0.019118,
-0.019100,
-0.019087,
-0.019078,
-0.018772,
-0.018350,
-0.018042,
-0.017819,
-0.017656,
-0.017538,
-0.017452,
-0.017389,
-0.017343,
-0.017310,
-0.017286,
-0.017268,
-0.017255,
-0.017246,
-0.017239,
-0.016935,
-0.016514,
-0.016208,
-0.015985,
-0.015823,
-0.015705,
-0.015619,
-0.015556,
-0.015511,
-0.015478,
-0.015454,
-0.015436,
-0.015423,
-0.015414,
-0.015407,
-0.015402,
-0.015099,
-0.014679,
-0.014374,
-0.136925,
-0.307643,
-0.431581,
-0.521277,
-0.586053,
-0.632395,
-0.665123,
-0.687942,
-0.703551,
-0.713613,
-0.719439,
-0.721883,
-0.721966,
-0.720230,
-0.716971,
-0.712605,
-0.707432,
-0.701373,
-0.694469,
-0.687251,
-0.679703,
-0.671716,
-0.663410,
-0.654571,
-0.645446,
-0.636311,
-0.626870,
-0.617306,
-0.607552,
-0.597761,
-0.587842,
-0.577631,
-0.567207,
-0.556928,
-0.546654,
-0.536184,
-0.525872,
-0.515574,
-0.505086,
-0.494462,
-0.484037,
-0.473656,
-0.463109,
-0.452741,
-0.442401,
-0.432184,
-0.421955,
-0.411817,
-0.401646,
-0.391552,
-0.381711,
-0.371756,
-0.361819,
-0.352093,
-0.342521,
-0.333061,
-0.323683,
-0.314663,
-0.305805,
-0.296864,
-0.288164,
-0.279537,
-0.271065,
-0.262604,
-0.254253,
-0.246180,
-0.238310,
-0.230588,
-0.222972,
-0.215435,
-0.207955,
-0.200516,
-0.193407,
-0.186438,
-0.179670,
-0.172949,
-0.166363,
-0.160073,
-0.153999,
-0.148083,
-0.142281,
-0.136562,
-0.130904,
-0.125290,
-0.119708,
-0.114449,
-0.109325,
-0.104399,
-0.099817,
-0.095185,
-0.090617,
-0.086295,
-0.082153,
-0.078141,
-0.074223,
-0.070375,
-0.066576,
-0.062815,
-0.059379,
-0.056080,
-0.052982,
-0.049929,
-0.047009,
-0.044085,
-0.041260,
-0.038705,
-0.036347,
-0.033832,
-0.031305,
-0.028966,
-0.026766,
-0.024665,
-0.022638,
-0.020964,
-0.019446,
-0.017842,
-0.016176,
-0.014765,
-0.013438,
-0.011974,
-0.010709,
-0.009489,
-0.008402,
-0.007311,
-0.006318,
-0.005296,
-0.004353,
-0.003666,
-0.002867,
-0.002087,
-0.001519,
-0.000805,
-0.000087,
0.000435,
0.000816,
0.001092,
0.001593,
0.002157,
0.002567,
0.002866,
0.003083,
0.003241,
0.003357,
0.003440,
0.003501,
0.003546,
0.003578,
0.003601,
0.003618,
0.003631,
0.003640,
0.003646,
0.003651,
0.003655,
0.003657,
0.003659,
0.003660,
0.003661,
0.003662,
0.003663,
0.003663,
0.003663,
0.003664,
0.003664,
0.003664,
0.003664,
0.003364,
0.002947,
0.002643,
0.002423,
0.002262,
0.002145,
0.002060,
0.001998,
0.001953,
0.001920,
0.001896,
0.001879,
0.001866,
0.001857,
0.001850,
0.001845,
0.001842,
0.001839,
0.001837,
0.001836,
0.001835,
0.001834,
0.001833,
0.001833,
0.001833,
0.001833,
0.001832,
0.001832,
0.001832,
0.002132,
0.002549,
0.002853,
0.003074,
0.003234,
0.003351,
0.003436,
0.003498,
0.003544,
0.003876,
0.004317,
0.004638,
0.004872,
0.005042,
0.005165,
0.005555,
0.006038,
0.006389,
0.006645,
0.006831,
0.006966,
0.007365,
0.007853,
0.008209,
0.008468,
0.008657,
0.009093,
0.009610,
0.009987,
0.010260,
0.010759,
0.011322,
0.011731,
0.012028,
0.012545,
0.013120,
0.013538,
0.013843,
0.014364,
0.014942,
0.015363,
0.015670,
0.016192,
0.016772,
0.017193,
0.017800,
0.018440,
0.018907,
0.019246,
0.019792,
0.020389,
0.020824,
0.021140,
0.021669,
0.022254,
0.022679,
0.023289,
0.023931,
0.024399,
0.024739,
0.025286,
0.025884,
0.026319,
0.026635,
0.027165,
0.027750,
0.028175,
0.028785,
0.029427,
0.029895,
0.030235,
0.030783,
0.031380,
0.031815,
0.032131,
0.032661,
0.033246,
0.033671,
0.033981,
0.034506,
0.035087,
0.035510,
0.035818,
0.036342,
0.036922,
0.037344,
0.037652,
0.037875,
0.038338,
0.038873,
0.039263,
0.039547,
0.040053,
0.040620,
0.041033,
0.041334,
0.041553,
0.041712,
0.042127,
0.042629,
0.042994,
0.043259,
0.043452,
0.043893,
0.044412,
0.044791,
0.045066,
0.045266,
0.045412,
0.045518,
0.045895,
0.046368,
0.046712,
0.046963,
0.047146,
0.047278,
0.047375,
0.047745,
0.048213,
0.048554,
0.048802,
0.048983,
0.049114,
0.049210,
0.049279,
0.049330,
0.049367,
0.049693,
0.050130,
0.050448,
0.050679,
0.050847,
0.050970,
0.051059,
0.051124,
0.051171,
0.051205,
0.051230,
0.051249,
0.051262,
0.051272,
0.051279,
0.051284,
0.051587,
0.052007,
0.052313,
0.052535,
0.052697,
0.052815,
0.052900,
0.052963,
0.053008,
0.053041,
0.053065,
0.053083,
0.053095,
0.053105,
0.053111,
0.053116,
0.053120,
0.053122,
0.053124,
0.053126,
0.053127,
0.053127,
0.053128,
0.053128,
0.053129,
0.053129,
0.053129,
0.053129,
0.052829,
0.052412,
0.052109,
0.051888,
0.051727,
0.051610,
0.051525,
0.051463,
0.051418,
0.051385,
0.051361,
0.051344,
0.051331,
0.051322,
0.051315,
0.051310,
0.051307,
0.051304,
0.051302,
0.051301,
0.051300,
0.051299,
0.051299,
0.050999,
0.050581,
0.050277,
0.050056,
0.049895,
0.049778,
0.049693,
0.049631,
0.049586,
0.049553,
0.049529,
0.049512,
0.049499,
0.049490,
0.049483,
0.049179,
0.048758,
0.048452,
0.048229,
0.048067,
0.047949,
0.047863,
0.047800,
0.047755,
0.047722,
0.047698,
0.047680,
0.047667,
0.047358,
0.046934,
0.046626,
0.046401,
0.046238,
0.046119,
0.046032,
0.045969,
0.045924,
0.045890,
0.045866,
0.045848,
0.045836,
0.045526,
0.045102,
0.044794,
0.044569,
0.044406,
0.044287,
0.044200,
0.044137,
0.044092,
0.044058,
0.044034,
0.044016,
0.043704,
0.043277,
0.042967,
0.042741,
0.042576,
0.042457,
0.042370,
0.042306,
0.042260,
0.042227,
0.042202,
0.042185,
0.041872,
0.041445,
0.041135,
0.040909,
0.040744,
0.040625,
0.040538,
0.040474,
0.040428,
0.040395,
0.040370,
0.040353,
0.040040,
0.039613,
0.039303,
0.039077,
0.038912,
0.038793,
0.038706,
0.038642,
0.038596,
0.038563,
0.038538,
0.038221,
0.037791,
0.037478,
0.037250,
0.037084,
0.036963,
0.036876,
0.036812,
0.036765,
0.036731,
0.036707,
0.036689,
0.036376,
0.035949,
0.035639,
0.035413,
0.035248,
0.035129,
0.035042,
0.034978,
0.034932,
0.034899,
0.034874,
0.034557,
0.034127,
0.033814,
0.033586,
0.033420,
0.033299,
0.033211,
0.033148,
0.033101,
0.033067,
0.033043,
0.033025,
0.032712,
0.032285,
0.031975,
0.031749,
0.031584,
0.031465,
0.031378,
0.031314,
0.031268,
0.031234,
0.031210,
0.031192,
0.030880,
0.030453,
0.030143,
0.029917,
0.029752,
0.029633,
0.029545,
0.029482,
0.029436,
0.029402,
0.029378,
0.029360,
0.029048,
0.028621,
0.028311,
0.028085,
0.027920,
0.027801,
0.027713,
0.027650,
0.027604,
0.027570,
0.027546,
0.027528,
0.027216,
0.026789,
0.026478,
0.026253,
0.026088,
0.025968,
0.025881,
0.025818,
0.025772,
0.025738,
0.025714,
0.025696,
0.025683,
0.025374,
0.024950,
0.024641,
0.024417,
0.024253,
0.024135,
0.024048,
0.023985,
0.023939,
0.023906,
0.023881,
0.023864,
0.023851,
0.023542,
0.023118,
0.022809,
0.022585,
0.022421,
0.022302,
0.022216,
0.022153,
0.022107,
0.022074,
0.022049,
0.022032,
0.022019,
0.021710,
0.021286,
0.020977,
0.020753,
0.020589,
0.020470,
0.020384,
0.020321,
0.020275,
0.020242,
0.020217,
0.020200,
0.020187,
0.020178,
0.019871,
0.019449,
0.019142,
0.018918,
0.018755,
0.018637,
0.018551,
0.018488,
0.018442,
0.018409,
0.018385,
0.018367,
0.018355,
0.018345,
0.018339,
0.018034,
0.017613,
0.017307,
0.017084,
0.016922,
0.016804,
0.016718,
0.016655,
0.016610,
0.016577,
0.016553,
0.016535,
0.016523,
0.016513,
0.016506,
0.016202,
0.015781,
0.015475,
0.015252,
0.015090,
0.014972,
0.014886,
0.014823,
0.014778,
0.014745,
0.014721,
0.014703,
0.014690,
0.014681,
0.014674,
0.014670,
0.014366,
0.013946,
0.013641,
0.013419,
0.013257,
0.013139,
0.013053,
0.012991,
0.012946,
0.012913,
0.012889,
0.012871,
0.012858,
0.012849,
0.012842,
0.012837,
0.012834,
0.012532,
0.012112,
0.011807,
0.011586,
0.011424,
0.011306,
0.011221,
0.011159,
0.011113,
0.011080,
0.011056,
0.011039,
0.011026,
0.011017,
0.011010,
0.011005,
0.011002,
0.010999,
0.010997,
0.010996,
0.010695,
0.010277,
0.009973,
0.009752,
0.009591,
0.009474,
0.009388,
0.009326,
0.009281,
0.009248,
0.009224,
0.009207,
0.009194,
0.009185,
0.009178,
0.009173,
0.009170,
0.009167,
0.009165,
0.009164,
0.009163,
0.008862,
0.008445,
0.008141,
0.007920,
0.007759,
0.007641,
0.007556,
0.007494,
0.007449,
0.007416,
0.007392,
0.007375,
0.007362,
0.007353,
0.007346,
0.007341,
0.007338,
0.007335,
0.007333,
0.007332,
0.007331,
0.007330,
0.007330,
0.007329,
0.007329,
0.007029,
0.006612,
0.006308,
0.006087,
0.005926,
0.005809,
0.005724,
0.005662,
0.005617,
0.005584,
0.005560,
0.005543,
0.005530,
0.005521,
0.005514,
0.005509,
0.005506,
0.005503,
0.005501,
0.005500,
0.005499,
0.005498,
0.005498,
0.005497,
0.005497,
0.005497,
0.005497,
0.005496,
0.005197,
0.004779,
0.004476,
0.004255,
0.004094,
0.003977,
0.003892,
0.003830,
0.003785,
0.003752,
0.003728,
0.003711,
0.003698,
0.003689,
0.003682,
0.003677,
0.003674,
0.003671,
0.003669,
0.003668,
0.003667,
0.003666,
0.003666,
0.003665,
0.003665,
0.003665,
0.003664,
0.003664,
0.003664,
0.003664,
0.003664,
0.003664,
0.003664,
0.003664,
0.003664,
0.003664,
0.003664,
0.003364,
0.002947,
0.002644,
0.002423,
0.002262,
0.002145,
0.002060