/*
    A DCL_runPIParallel example with the 
    following controller parameters: 
    .Kp  = 0.6500000f,
    .Ki  = 0.1750000f,
    .Umax = 100.00000f,
    .Umin = -100.00000f,
*/
0.000000,
0.000000,
0.000000,
0.000000,
0.000000,
0.000000,
0.000000,
0.000000,
0.000000,
0.000000,
0.000000,
0.000000,
0.000000,
0.000000,
0.000000,
0.000000,
0.000000,
0.000000,
0.000000,
0.000000,
0.000000,
0.000000,
0.000000,
0.000000,
0.000000,
0.000000,
0.000000,
0.000000,
0.000000,
0.000000,
0.000000,
0.000000,
0.000000,
0.000000,
0.000000,
0.000000,
0.000000,
0.000000,
0.000000,
0.000000,
0.000000,
0.000000,
0.000000,
0.000000,
0.000000,
0.000000,
0.000000,
0.000000,
0.000000,
0.000000,
0.000000,
0.000000,
0.000000,
0.000000,
0.000000,
0.000000,
0.000000,
0.000000,
0.000000,
0.000000,
0.000000,
0.000000,
0.000000,
0.000000,
0.000000,
0.000000,
0.000000,
0.000000,
0.000000,
0.000000,
0.000000,
0.000000,
0.000000,
0.000000,
0.000000,
0.000000,
0.000000,
0.000000,
0.000000,
0.000000,
0.000000,
0.000000,
0.000000,
0.000000,
0.000000,
0.000000,
0.000000,
0.000000,
0.000000,
0.000000,
0.000000,
0.000000,
0.000000,
0.000000,
0.000000,
0.000000,
0.000000,
0.000000,
0.000000,
0.000000,
0.000000,
0.000000,
0.000000,
0.000000,
0.000000,
0.000000,
0.000000,
0.000000,
0.000000,
0.000000,
0.000000,
0.000000,
0.000000,
0.000000,
0.000000,
0.000000,
0.000000,
0.000000,
0.000000,
0.000000,
0.000000,
0.000000,
0.000000,
0.000000,
0.000000,
0.000000,
0.000000,
0.000000,
0.000000,
0.000000,
0.000000,
0.000000,
0.000000,
0.000000,
0.000000,
0.000000,
0.000000,
0.000000,
0.000000,
0.000000,
0.000000,
0.000000,
0.000000,
0.000000,
0.000000,
0.000000,
0.000000,
0.000000,
0.000000,
0.000000,
0.000000,
0.000000,
0.000000,
0.000000,
0.000000,
0.000000,
0.000000,
0.000000,
0.000000,
0.000000,
0.365063,
0.555000,
0.837250,
1.219250,
1.708438,
2.312250,
3.038125,
3.893500,
4.854063,
5.898462,
7.083779,
8.343548,
9.709789,
11.155154,
12.668745,
14.236032,
15.856934,
17.504311,
19.179701,
20.887920,
22.580505,
24.276384,
25.982571,
27.671028,
29.356218,
31.024206,
32.691833,
34.333458,
35.995644,
37.643028,
39.297066,
40.946510,
42.624283,
44.308376,
46.019123,
47.745773,
49.489742,
51.263927,
53.068985,
54.891556,
56.727966,
58.601589,
60.481808,
62.363258,
64.281380,
66.160416,
68.078194,
69.973610,
71.843185,
73.720383,
75.559570,
77.386177,
79.182297,
80.962158,
82.696899,
84.413589,
86.098038,
87.768288,
89.383812,
91.017418,
92.588203,
94.170181,
95.722862,
97.281677,
98.807289,
100.000000,
100.000000,
100.000000,
100.000000,
100.000000,
100.000000,
100.000000,
100.000000,
100.000000,
100.000000,
100.000000,
100.000000,
100.000000,
100.000000,
100.000000,
100.000000,
100.000000,
100.000000,
100.000000,
100.000000,
100.000000,
100.000000,
100.000000,
100.000000,
100.000000,
100.000000,
100.000000,
100.000000,
100.000000,
100.000000,
100.000000,
100.000000,
100.000000,
100.000000,
100.000000,
100.000000,
100.000000,
100.000000,
100.000000,
100.000000,
100.000000,
100.000000,
100.000000,
100.000000,
100.000000,
100.000000,
100.000000,
100.000000,
100.000000,
100.000000,
100.000000,
100.000000,
100.000000,
100.000000,
100.000000,
100.000000,
100.000000,
100.000000,
100.000000,
100.000000,
100.000000,
100.000000,
100.000000,
100.000000,
100.000000,
100.000000,
100.000000,
100.000000,
100.000000,
100.000000,
100.000000,
100.000000,
100.000000,
100.000000,
100.000000,
100.000000,
100.000000,
100.000000,
100.000000,
100.000000,
100.000000,
100.000000,
100.000000,
100.000000,
100.000000,
100.000000,
100.000000,
100.000000,
100.000000,
100.000000,
100.000000,
100.000000,
100.000000,
100.000000,
100.000000,
100.000000,
100.000000,
100.000000,
100.000000,
100.000000,
100.000000,
100.000000,
100.000000,
100.000000,
100.000000,
100.000000,
100.000000,
100.000000,
100.000000,
100.000000,
100.000000,
100.000000,
100.000000,
100.000000,
100.000000,
100.000000,
100.000000,
100.000000,
100.000000,
100.000000,
100.000000,
100.000000,
100.000000,
100.000000,
100.000000,
100.000000,
100.000000,
100.000000,
100.000000,
100.000000,
100.000000,
100.000000,
100.000000,
100.000000,
100.000000,
100.000000,
100.000000,
100.000000,
100.000000,
100.000000,
100.000000,
100.000000,
100.000000,
100.000000,
100.000000,
100.000000,
100.000000,
100.000000,
100.000000,
100.000000,
100.000000,
100.000000,
100.000000,
100.000000,
100.000000,
100.000000,
100.000000,
100.000000,
100.000000,
100.000000,
100.000000,
100.000000,
100.000000,
100.000000,
100.000000,
100.000000,
100.000000,
100.000000,
100.000000,
100.000000,
100.000000,
100.000000,
100.000000,
100.000000,
100.000000,
100.000000,
100.000000,
100.000000,
100.000000,
100.000000,
100.000000,
100.000000,
100.000000,
100.000000,
100.000000,
100.000000,
100.000000,
100.000000,
100.000000,
100.000000,
100.000000,
100.000000,
100.000000,
100.000000,
100.000000,
100.000000,
100.000000,
100.000000,
100.000000,
100.000000,
100.000000,
100.000000,
100.000000,
100.000000,
100.000000,
100.000000,
100.000000,
100.000000,
100.000000,
100.000000,
100.000000,
100.000000,
100.000000,
100.000000,
100.000000,
100.000000,
100.000000,
100.000000,
100.000000,
100.000000,
100.000000,
100.000000,
100.000000,
100.000000,
100.000000,
100.000000,
100.000000,
100.000000,
100.000000,
100.000000,
100.000000,
100.000000,
100.000000,
100.000000,
100.000000,
100.000000,
100.000000,
100.000000,
100.000000,
100.000000,
100.000000,
100.000000,
100.000000,
100.000000,
100.000000,
100.000000,
100.000000,
100.000000,
100.000000,
100.000000,
100.000000,
100.000000,
100.000000,
100.000000,
100.000000,
100.000000,
100.000000,
100.000000,
100.000000,
100.000000,
100.000000,
100.000000,
100.000000,
100.000000,
100.000000,
100.000000,
100.000000,
100.000000,
100.000000,
100.000000,
100.000000,
100.000000,
100.000000,
100.000000,
100.000000,
100.000000,
100.000000,
100.000000,
100.000000,
100.000000,
100.000000,
100.000000,
100.000000,
100.000000,
100.000000,
100.000000,
100.000000,
100.000000,
100.000000,
100.000000,
100.000000,
100.000000,
100.000000,
100.000000,
100.000000,
100.000000,
100.000000,
100.000000,
100.000000,
100.000000,
100.000000,
100.000000,
100.000000,
100.000000,
100.000000,
100.000000,
100.000000,
100.000000,
100.000000,
100.000000,
100.000000,
100.000000,
100.000000,
100.000000,
100.000000,
100.000000,
100.000000,
100.000000,
100.000000,
100.000000,
100.000000,
100.000000,
100.000000,
100.000000,
100.000000,
100.000000,
100.000000,
100.000000,
100.000000,
100.000000,
100.000000,
100.000000,
100.000000,
100.000000,
100.000000,
100.000000,
100.000000,
100.000000,
100.000000,
100.000000,
100.000000,
100.000000,
100.000000,
100.000000,
100.000000,
100.000000,
100.000000,
100.000000,
100.000000,
100.000000,
100.000000,
100.000000,
100.000000,
100.000000,
100.000000,
100.000000,
100.000000,
100.000000,
100.000000,
100.000000,
100.000000,
100.000000,
100.000000,
100.000000,
100.000000,
100.000000,
100.000000,
100.000000,
100.000000,
100.000000,
100.000000,
100.000000,
100.000000,
100.000000,
100.000000,
100.000000,
100.000000,
100.000000,
100.000000,
100.000000,
100.000000,
100.000000,
100.000000,
100.000000,
100.000000,
100.000000,
100.000000,
100.000000,
100.000000,
100.000000,
100.000000,
100.000000,
100.000000,
100.000000,
100.000000,
100.000000,
100.000000,
100.000000,
100.000000,
100.000000,
100.000000,
100.000000,
100.000000,
100.000000,
100.000000,
100.000000,
100.000000,
100.000000,
100.000000,
100.000000,
100.000000,
100.000000,
100.000000,
100.000000,
100.000000,
100.000000,
100.000000,
100.000000,
100.000000,
100.000000,
100.000000,
100.000000,
100.000000,
100.000000,
100.000000,
100.000000,
100.000000,
100.000000,
100.000000,
100.000000,
100.000000,
100.000000,
100.000000,
100.000000,
100.000000,
100.000000,
100.000000,
100.000000,
100.000000,
100.000000,
100.000000,
100.000000,
100.000000,
100.000000,
100.000000,
100.000000,
100.000000,
100.000000,
100.000000,
100.000000,
100.000000,
100.000000,
100.000000,
100.000000,
100.000000,
100.000000,
100.000000,
100.000000,
100.000000,
100.000000,
100.000000,
100.000000,
100.000000,
100.000000,
100.000000,
100.000000,
100.000000,
100.000000,
100.000000,
100.000000,
100.000000,
100.000000,
100.000000,
100.000000,
100.000000,
100.000000,
100.000000,
100.000000,
100.000000,
100.000000,
100.000000,
100.000000,
100.000000,
100.000000,
100.000000,
100.000000,
100.000000,
100.000000,
100.000000,
100.000000,
100.000000,
100.000000,
100.000000,
100.000000,
100.000000,
100.000000,
100.000000,
100.000000,
100.000000,
100.000000,
100.000000,
100.000000,
100.000000,
100.000000,
100.000000,
100.000000,
100.000000,
100.000000,
100.000000,
100.000000,
100.000000,
100.000000,
100.000000,
100.000000,
100.000000,
100.000000,
100.000000,
100.000000,
100.000000,
100.000000,
100.000000,
100.000000,
100.000000,
100.000000,
100.000000,
100.000000,
100.000000,
100.000000,
100.000000,
100.000000,
100.000000,
100.000000,
100.000000,
100.000000,
100.000000,
100.000000,
100.000000,
100.000000,
100.000000,
100.000000,
100.000000,
100.000000,
100.000000,
100.000000,
100.000000,
100.000000,
100.000000,
100.000000,
100.000000,
100.000000,
100.000000,
100.000000,
100.000000,
100.000000,
100.000000,
100.000000,
100.000000,
100.000000,
100.000000,
100.000000,
100.000000,
100.000000,
100.000000,
100.000000,
100.000000,
100.000000,
100.000000,
100.000000,
100.000000,
100.000000,
100.000000,
100.000000,
100.000000,
100.000000,
100.000000,
100.000000,
100.000000,
99.991257,
100.000000,
100.000000,
100.000000,
100.000000,
100.000000,
100.000000,
100.000000,
100.000000,
100.000000,
100.000000,
100.000000,
100.000000,
100.000000,
100.000000,
100.000000,
99.789627,
99.502533,
99.212402,
98.935699,
98.662575,
98.394241,
98.142868,
97.891777,
97.666611,
97.420776,
97.189644,
96.951736,
96.718315,
96.456436,
96.188103,
95.892975,
95.581795,
95.253136,
94.894104,
94.504028,
94.112137,
93.665047,
93.220451,
92.769035,
92.276848,
91.803352,
91.311707,
90.838707,
90.346451,
89.896294,
89.436806,
89.015694,
88.607292,
88.229538,
87.868225,
87.552223,
87.254463,
86.973289,
86.747696,
86.521301,
86.334122,
86.152420,
86.001167,
85.863022,
85.720497,
85.610870,
85.490120,
85.385368,
85.264374,
85.168045,
85.054169,
84.936333,
84.826050,
84.711357,
84.594475,
84.476135,
84.357422,
84.239540,
84.123894,
84.012093,
83.905952,
83.807533,
83.719154,
83.627541,
83.560867,
83.491852,
83.434731,
83.387672,
83.350677,
83.307686,
83.299728,
83.270920,
83.246452,
83.250992,
83.230171,
83.208694,
83.210884,
83.182060,
83.162407,
83.134720,
83.099663,
83.055824,
83.017876,
82.959229,
82.893181,
82.832962,
82.752426,
82.665092,
82.584473,
82.500587,
82.401985,
82.301216,
82.196777,
82.104675,
81.999596,
81.896194,
81.793236,
81.691376,
81.591110,
81.493004,
81.381813,
81.299385,
81.190674,
81.081779,
80.998299,
80.886833,
80.788948,
80.672989,
80.582268,
80.461136,
80.351151,
80.236237,
80.118286,
79.997101,
79.872757,
79.745277,
79.614708,
79.481087,
79.344437,
79.204811,
79.078110,
78.923203,
78.795891,
78.655029,
78.517082,
78.364723,
78.239723,
78.102600,
77.969681,
77.839592,
77.697121,
77.583893,
77.444633,
77.321037,
77.197220,
77.075188,
76.954948,
76.836723,
76.704826,
76.600639,
76.468582,
76.350052,
76.228813,
76.122429,
75.989357,
75.869331,
75.746254,
75.637604,
75.501778,
75.394348,
75.257988,
75.150002,
75.012856,
74.903885,
74.781387,
74.661499,
74.542427,
74.424377,
74.307358,
74.191383,
74.076462,
73.962631,
73.849899,
73.738281,
73.627800,
73.518471,
73.410309,
73.303345,
73.181717,
73.086601,
72.978127,
72.872215,
72.751175,
72.656380,
72.547928,
72.425819,
72.329414,
72.218994,
72.094536,
71.995377,
71.881798,
71.769615,
71.656975,
71.544029,
71.430710,
71.316948,
71.202705,
71.087906,
70.988388,
70.862930,
70.751358,
70.637726,
70.523819,
70.425255,
70.300865,
70.190483,
70.078201,
69.965805,
69.853058,
69.755852,
69.632996,
69.524361,
69.414032,
69.303833,
69.193535,
69.083183,
68.972763,
68.862282,
68.735863,
68.634666,
68.518806,
68.404175,
68.288948,
68.173309,
68.057228,
67.940674,
67.823631,
67.706085,
67.588020,
67.485298,
67.356720,
67.242172,
67.125725,
67.009201,
66.892395,
66.791191,
66.664436,
66.552017,
66.438034,
66.324318,
66.210686,
66.097176,
65.983803,
65.870575,
65.757530,
65.644676,
65.532028,
65.419609,
65.291557,
65.189064,
65.072250,
64.957039,
64.841614,
64.726173,
64.610703,
64.495209,
64.379684,
64.264130,
64.148544,
64.032936,
63.917294,
63.801624,
63.685925,
63.570198,
63.454441,
63.338657,
63.222843,
63.107002,
62.991131,
62.875229,
62.759300,
62.643341,
62.527355,
62.427216,
62.301750,
62.190861,
62.078644,
61.966927,
61.855534,
61.744492,
61.633823,
61.507671,
61.407223,
61.292599,
61.179718,
61.066769,
60.953953,
60.825382,
60.722218,
60.604572,
60.488335,
60.371689,
60.254810,
60.137661,
60.020229,
59.902496,
59.800316,
59.672501,
59.558926,
59.443684,
59.328579,
59.213402,
59.098183,
58.998791,
58.874062,
58.763882,
58.652359,
58.541325,
58.430584,
58.320183,
58.194260,
58.094006,
57.979542,
57.866779,
57.753918,
57.641151,
57.512592,
57.409409,
57.291698,
57.175369,
57.058590,
56.941540,
56.824192,
56.706516,
56.588501,
56.486004,
56.357838,
56.243881,
56.128212,
56.012646,
55.896976,
55.797100,
55.671844,
55.561108,
55.448994,
55.337326,
55.225925,
55.114819,
55.004036,
54.893589,
54.767616,
54.667313,
54.552803,
54.439995,
54.327087,
54.214275,
54.085667,
53.982437,
53.864681,
53.748306,
53.631477,
53.514381,
53.396984,
53.279263,
53.161201,
53.058659,
52.930447,
52.816441,
52.700722,
52.585110,
52.469395,
52.369473,
52.244167,
52.133385,
52.021225,
51.909508,
51.798058,
51.686905,
51.576073,
51.465576,
51.339558,
51.239208,
51.124649,
51.011791,
50.898834,
50.785973,
50.657318,
50.554039,
50.436234,
50.319809,
50.202934,
50.085789,
49.968346,
49.850574,
49.732464,
49.629871,
49.501610,
49.387558,
49.271793,
49.156132,
49.040367,
48.940395,
48.815044,
48.704212,
48.592003,
48.480240,
48.368740,
48.257538,
48.146660,
48.036118,
47.910049,
47.809650,
47.695045,
47.582142,
47.469139,
47.356232,
47.227528,
47.124203,
47.006351,
46.889881,
46.772957,
46.655766,
46.538273,
46.420456,
46.302299,
46.199661,
46.071354,
45.957253,
45.841438,
45.725731,
45.609921,
45.509903,
45.384502,
45.273624,
45.161369,
45.049557,
44.938011,
44.826763,
44.715836,
44.605244,
44.479126,
44.378681,
44.264027,
44.151073,
44.038021,
43.925064,
43.796314,
43.692940,
43.575039,
43.458519,
43.341549,
43.224308,
43.106770,
42.988903,
42.870697,
42.768009,
42.639652,
42.525505,
42.409645,
42.293888,
42.178028,
42.077961,
41.952515,
41.841587,
41.729282,
41.617424,
41.505829,
41.394531,
41.283558,
41.172920,
41.046757,
40.946262,
40.831562,
40.718563,
40.605465,
40.492462,
40.363663,
40.260242,
40.142296,
40.025730,
39.908710,
39.791424,
39.673836,
39.555923,
39.437672,
39.334938,
39.206535,
39.092339,
38.976429,
38.860626,
38.744720,
38.644608,
38.519112,
38.408134,
38.295784,
38.183876,
38.072235,
37.960892,
37.849869,
37.739182,
37.612968,
37.512428,
37.397678,
37.284630,
37.171482,
37.058430,
36.929585,
36.826115,
36.708118,
36.591503,
36.474438,
36.357101,
36.239468,
36.121506,
36.003204,
35.900421,
35.771969,
35.657726,
35.541771,
35.425919,
35.309963,
35.209801,
35.084259,
34.973236,
34.860836,
34.748878,
34.637188,
34.525795,
34.414726,
34.303993,
34.177734,
34.077145,
33.962349,
33.849255,
33.736061,
33.622963,
33.494068,
33.390549,
33.272507,
33.155842,
33.038727,
32.921345,
32.803661,
32.685654,
32.567307,
32.464478,
32.335979,
32.221687,
32.105682,
31.989784,
31.873779,
31.773567,
31.647982,
31.536911,
31.424461,
31.312460,
31.200720,
31.089283,
30.978163,
30.867378,
30.741076,
30.640438,
30.525591,
30.412451,
30.299204,
30.186058,
30.057116,
29.953548,
29.835461,
29.718748,
29.601585,
29.484158,
29.366423,
29.248369,
29.129974,
29.027096,
28.898548,
28.784208,
28.668159,
28.552212,
28.436159,
28.335899,
28.210266,
28.099148,
27.986650,
27.874601,
27.762814,
27.651329,
27.540161,
27.429329,
27.302979,
27.202293,
27.087399,
26.974211,
26.860916,
26.747723,
26.618732,
26.515118,
26.396982,
26.280222,
26.163012,
26.045536,
25.927753,
25.809652,
25.691210,
25.588284,
25.459688,
25.345301,
25.229204,
25.113209,
24.997108,
24.896801,
24.771120,
24.659954,
24.547409,
24.435312,
24.323477,
24.211945,
24.100729,
23.989849,
23.863451,
23.762718,
23.647776,
23.534540,
23.421198,
23.307957,
23.178919,
23.075256,
22.957073,
22.840265,
22.723007,
22.605484,
22.487654,
22.369503,
22.251013,
22.148039,
22.019396,
21.904961,
21.788815,
21.672771,
21.556623,
21.456268,
21.330540,
21.219326,
21.106733,
20.994589,
20.882706,
20.771126,
20.659863,
20.548935,
20.422489,
20.321709,
20.206718,
20.093435,
19.980045,
19.866756,
19.737671,
19.633961,
19.515730,
19.398874,
19.281569,
19.163998,
19.046120,
18.927921,
18.809383,
18.706362,
18.577671,
18.463186,
18.346992,
18.230902,
18.114706,
18.014303,
17.888527,
17.777266,
17.664625,
17.552433,
17.440502,
17.328875,
17.217564,
17.106588,
16.980095,
16.879267,
16.764229,
16.650898,
16.537460,
16.424124,
16.294991,
16.191233,
16.072954,
15.956051,
15.838696,
15.721078,
15.603153,
15.484907,
15.366322,
15.263254,
15.134516,
15.019983,
14.903744,
14.787605,
14.671362,
14.570913,
14.445086,
14.333777,
14.221088,
14.108849,
13.996869,
13.885193,
13.773835,
13.662812,
13.536270,
13.435394,
13.320309,
13.206929,
13.093444,
12.980061,
12.850881,
12.747073,
12.628747,
12.511795,
12.394393,
12.276727,
12.158754,
12.040461,
11.921827,
11.818711,
11.689925,
11.575345,
11.459058,
11.342872,
11.226581,
11.126084,
11.000210,
10.888853,
10.776116,
10.663829,
10.551802,
10.440078,
10.328672,
10.217602,
10.091012,
9.990088,
9.874955,
9.761528,
9.647995,
9.534563,
9.405334,
9.301479,
9.183105,
9.066106,
8.948656,
8.830942,
8.712922,
8.594581,
8.475900,
8.372736,
8.243902,
8.129274,
8.012939,
7.896705,
7.780367,
7.679822,
7.553901,
7.442496,
7.329712,
7.217377,
7.105302,
6.993530,
6.882076,
6.770959,
6.644321,
6.543350,
6.428169,
6.314694,
6.201114,
6.087636,
5.958359,
5.854457,
5.736034,
5.618989,
5.501491,
5.383729,
5.265660,
5.147271,
5.028542,
4.925331,
4.796449,
4.681774,
4.565391,
4.449109,
4.332723,
4.232131,
4.106161,
3.994708,
3.881876,
3.769493,
3.657371,
3.545551,
3.434050,
3.322885,
3.196199,
3.095180,
2.979952
