/*
    A DCL_runPIParallel example with the 
    following controller parameters: 
    .Kp  = 1.10840138247f,
    .Ki  = 0.0021727506f,
    .Umax = 1.50000f,
    .Umin = -1.50000f,
*/
0.000000,
0.000000,
0.000000,
0.000000,
0.000000,
0.000000,
0.000000,
0.000000,
0.000000,
0.000000,
0.000000,
0.000000,
0.000000,
0.000000,
0.000000,
0.000000,
0.000000,
0.000000,
0.000000,
0.000000,
0.000000,
0.000000,
0.000000,
0.000000,
0.000000,
0.000000,
0.000000,
0.000000,
0.000000,
0.000000,
0.000000,
0.000000,
0.000000,
0.000000,
0.000000,
0.000000,
0.000000,
0.000000,
0.000000,
0.000000,
0.000000,
0.000000,
0.000000,
0.000000,
0.000000,
0.000000,
0.000000,
0.000000,
0.000000,
0.000000,
0.000000,
0.000000,
0.000000,
0.000000,
0.000000,
0.000000,
0.000000,
0.000000,
0.000000,
0.000000,
0.000000,
0.000000,
0.000000,
0.000000,
0.000000,
0.000000,
0.000000,
0.000000,
0.000000,
0.000000,
0.000000,
0.000000,
0.000000,
0.000000,
0.000000,
0.000000,
0.000000,
0.000000,
0.000000,
0.000000,
0.000000,
0.000000,
0.000000,
0.000000,
0.000000,
0.000000,
0.000000,
0.000000,
0.000000,
0.000000,
0.000000,
0.000000,
0.000000,
0.000000,
0.000000,
0.000000,
0.000000,
0.000000,
0.000000,
0.000000,
0.000000,
0.000000,
0.000000,
0.000000,
0.000000,
0.000000,
0.000000,
0.000000,
0.000000,
0.000000,
0.000000,
0.000000,
0.000000,
0.000000,
0.000000,
0.000000,
0.000000,
0.000000,
0.000000,
0.000000,
0.000000,
0.000000,
0.000000,
0.000000,
0.000000,
0.000000,
0.000000,
0.000000,
0.000000,
0.000000,
0.000000,
0.000000,
0.000000,
0.000000,
0.000000,
0.000000,
0.000000,
0.000000,
0.000000,
0.000000,
0.000000,
0.000000,
0.000000,
0.000000,
0.000000,
0.000000,
0.000000,
0.000000,
0.000000,
0.000000,
0.000000,
0.000000,
0.000000,
0.000000,
0.000000,
0.000000,
0.000000,
0.000000,
0.000000,
0.000000,
0.491429,
0.540551,
0.590820,
0.642327,
0.695164,
0.749425,
0.805202,
0.862586,
0.878930,
0.833538,
0.828945,
0.771490,
0.731193,
0.680025,
0.620490,
0.551599,
0.494108,
0.425674,
0.369610,
0.346154,
0.292711,
0.256874,
0.256428,
0.250738,
0.265992,
0.280180,
0.317544,
0.335110,
0.400292,
0.445992,
0.499825,
0.537878,
0.604081,
0.653285,
0.710490,
0.751955,
0.778729,
0.810246,
0.844450,
0.860361,
0.858393,
0.879095,
0.877071,
0.855334,
0.875335,
0.827144,
0.845053,
0.834175,
0.803135,
0.812722,
0.795798,
0.800563,
0.802082,
0.824519,
0.824474,
0.847618,
0.869480,
0.914349,
0.917630,
0.989559,
0.995772,
1.052490,
1.086654,
1.147516,
1.167681,
1.215011,
1.241202,
1.292546,
1.301834,
1.336748,
1.370219,
1.383989,
1.399405,
1.413900,
1.448995,
1.440133,
1.454521,
1.464963,
1.453036,
1.482652,
1.486377,
1.512499,
1.514759,
1.517662,
1.539626,
1.559151,
1.578689,
1.597961,
1.617002,
1.657182,
1.675468,
1.696167,
1.737891,
1.757927,
1.780548,
1.803006,
1.846990,
1.869448,
1.894692,
1.919977,
1.945630,
1.950259,
1.976920,
2.001319,
2.004869,
2.030295,
2.053344,
2.055416,
2.057865,
2.100837,
2.077020,
2.120603,
2.115536,
2.156398,
2.151049,
2.148602,
2.186032,
2.220488,
2.214270,
2.231663,
2.267317,
2.281224,
2.297339,
2.334296,
2.349370,
2.366817,
2.383881,
2.422237,
2.417446,
2.458211,
2.474434,
2.493492,
2.512271,
2.531123,
2.550009,
2.568932,
2.587891,
2.606886,
2.625916,
2.623610,
2.664370,
2.659491,
2.700435,
2.695419,
2.714889,
2.752790,
2.747836,
2.766999,
2.783253,
2.821036,
2.815589,
2.855654,
2.871124,
2.868004,
2.907581,
2.944241,
2.940602,
2.960924,
2.999861,
2.996047,
3.037838,
3.055180,
3.075443,
3.074150,
3.116056,
3.133790,
3.133049,
3.175162,
3.193148,
3.192659,
3.213659,
3.253567,
3.250706,
3.272098,
3.290717,
3.331005,
3.328212,
3.349711,
3.368435,
3.387463,
3.406443,
3.425416,
3.444378,
3.463328,
3.482266,
3.501193,
3.520108,
3.539012,
3.557904,
3.576783,
3.617021,
3.614214,
3.635699,
3.654412,
3.673431,
3.713776,
3.711087,
3.732692,
3.772900,
3.770388,
3.792140,
3.811135,
3.830446,
3.849724,
3.869009,
3.888298,
3.907592,
3.926891,
3.946195,
3.965506,
3.963453,
4.004440,
4.021132,
4.040592,
4.059743,
4.078934,
4.076758,
4.117619,
4.134183,
4.153514,
4.172533,
4.191591,
4.210648,
4.229708,
4.248772,
4.267840,
4.286911,
4.305985,
4.325064,
4.344147,
4.363234,
4.382326,
4.401422,
4.420522,
4.439627,
4.458737,
4.477851,
4.496972,
4.494726,
4.535519,
4.552013,
4.571273,
4.590220,
4.609204,
4.628185,
4.647168,
4.666152,
4.685137,
4.704123,
4.723110,
4.742097,
4.761086,
4.780075,
4.799064,
4.818054,
4.837044,
4.856034,
4.875025,
4.894015,
4.913006,
4.931996,
4.950986,
4.969976,
4.988966,
5.007955,
5.026943,
5.045931,
5.064918,
5.083904,
5.102889,
5.121873,
5.140856,
5.159838,
5.178818,
5.197797,
5.216774,
5.235751,
5.254725,
5.273698,
5.292669,
5.311637,
5.330605,
5.349569,
5.368532,
5.387492,
5.406450,
5.425405,
5.444358,
5.463308,
5.482255,
5.501200,
5.541512,
5.538789,
5.560366,
5.579181,
5.598310,
5.617406,
5.636507,
5.655608,
5.674711,
5.693816,
5.712923,
5.732031,
5.751143,
5.748885,
5.789662,
5.806139,
5.825377,
5.844299,
5.863256,
5.882206,
5.901156,
5.920105,
5.939050,
5.957994,
5.976935,
5.995874,
6.014811,
6.055117,
6.052386,
6.073957,
6.092766,
6.111891,
6.130981,
6.150078,
6.169176,
6.188276,
6.207378,
6.226483,
6.245590,
6.264700,
6.283812,
6.302927,
6.300674,
6.341458,
6.357941,
6.377187,
6.396118,
6.415083,
6.434044,
6.453004,
6.471963,
6.490921,
6.509878,
6.528832,
6.547786,
6.566738,
6.585689,
6.604637,
6.623584,
6.663899,
6.661180,
6.682762,
6.701583,
6.720720,
6.739823,
6.758933,
6.778045,
6.797159,
6.816276,
6.835396,
6.833148,
6.873936,
6.890424,
6.909674,
6.928609,
6.947579,
6.966545,
6.985508,
7.004472,
7.023433,
7.042394,
7.061353,
7.080311,
7.099267,
7.118221,
7.137173,
7.156124,
7.175073,
7.194019,
7.234334,
7.231614,
7.253196,
7.272016,
7.291151,
7.310253,
7.329360,
7.348470,
7.367582,
7.386696,
7.405814,
7.424934,
7.422686,
7.463474,
7.479961,
7.499211,
7.518146,
7.537116,
7.556080,
7.575044,
7.594006,
7.612967,
7.631927,
7.650885,
7.669841,
7.688796,
7.707749,
7.726700,
7.745649,
7.764596,
7.804912,
7.802192,
7.823774,
7.842594,
7.861731,
7.880833,
7.899941,
7.919052,
7.938164,
7.957279,
7.976397,
7.995518,
7.993270,
8.034059,
8.050547,
8.069798,
8.088733,
8.107702,
8.126668,
8.145633,
8.164595,
8.183557,
8.202517,
8.221476,
8.240432,
8.259387,
8.278340,
8.297292,
8.316240,
8.335188,
8.375504,
8.372786,
8.394369,
8.413189,
8.432325,
8.451428,
8.470536,
8.489648,
8.508760,
8.527876,
8.546995,
8.566115,
8.563869,
8.604658,
8.621146,
8.640397,
8.659333,
8.678304,
8.697268,
8.716233,
8.735196,
8.754158,
8.773119,
8.792078,
8.811036,
8.829991,
8.848946,
8.867898,
8.886848,
8.905796,
8.946113,
8.943394,
8.964977,
8.983798,
9.002935,
9.022039,
9.041148,
9.060260,
9.079373,
9.098489,
9.117608,
9.136729,
9.134482,
9.175272,
9.191761,
9.211013,
9.229949,
9.248920,
9.267886,
9.286852,
9.305816,
9.324778,
9.343739,
9.362699,
9.381657,
9.400612,
9.419567,
9.438520,
9.457471,
9.476418,
9.516736,
9.514019,
9.535603,
9.554424,
9.573562,
9.592666,
9.611776,
9.630888,
9.650002,
9.669119,
9.688238,
9.707360,
9.705114,
9.745905,
9.762394,
9.781647,
9.800584,
9.819556,
9.838522,
9.857488,
9.876452,
9.895415,
9.914377,
9.933337,
9.952296,
9.971252,
9.990208,
10.009161,
10.028112,
10.047062,
10.087379,
10.084661,
10.106245,
10.125067,
10.144205,
10.163310,
10.182421,
10.201532,
10.220647,
10.239765,
10.258884,
10.278007,
10.275761,
10.316552,
10.333041,
10.352294,
10.371231,
10.390203,
10.409170,
10.428137,
10.447103,
10.466066,
10.485028,
10.503989,
10.522948,
10.541906,
10.560862,
10.579816,
10.598768,
10.617718,
10.658036,
10.655319,
10.676904,
10.695726,
10.714866,
10.733972,
10.753083,
10.772196,
10.791311,
10.810430,
10.829550,
10.848673,
10.846429,
10.887220,
10.903711,
10.922964,
10.941902,
10.960876,
10.979843,
10.998810,
11.017776,
11.036740,
11.055702,
11.074664,
11.093624,
11.112582,
11.131537,
11.150492,
11.169444,
11.188395,
11.228714,
11.225997,
11.247582,
11.266405,
11.285544,
11.304650,
11.323762,
11.342875,
11.361992,
11.381110,
11.400230,
11.419354,
11.417109,
11.457901,
11.474392,
11.493645,
11.512583,
11.531556,
11.550524,
11.569491,
11.588458,
11.607423,
11.626387,
11.645348,
11.664308,
11.683267,
11.702224,
11.721178,
11.740131,
11.759083,
11.799402,
11.796686,
11.818272,
11.837096,
11.856236,
11.875342,
11.894455,
11.913568,
11.932686,
11.951804,
11.970925,
11.990050,
11.987806,
12.028599,
12.045091,
12.064344,
12.083284,
12.102258,
12.121227,
11.648766,
11.618609,
11.587307,
11.554764,
11.520888,
11.485589,
11.448771,
11.410345,
11.434327,
11.455640,
11.524858,
11.576841,
11.639045,
11.709009,
11.787696,
11.875701,
11.952313,
12.039870,
12.093690,
12.179305,
12.227577,
12.263937,
12.304863,
12.327084,
12.331081,
12.335837,
12.317450,
12.318857,
12.272642,
12.245914,
12.211048,
12.191961,
12.144723,
12.114483,
12.076241,
12.053734,
12.045918,
12.033357,
12.018108,
12.042518,
12.020403,
12.042951,
12.082532,
12.080496,
12.125077,
12.146422,
12.193443,
12.198805,
12.251745,
12.260945,
12.297010,
12.311351,
12.328940,
12.325618,
12.344775,
12.340750,
12.316636,
12.333920,
12.304093,
12.297082,
12.264008,
12.250875,
12.232882,
12.191306,
12.190071,
12.161711,
12.154484,
12.122102,
12.131776,
12.115821,
12.101308,
12.106494,
12.110034,
12.114492,
12.119717,
12.125867,
12.133068,
12.141452,
12.151153,
12.162307,
12.175055,
12.189540,
12.184537,
12.203229,
12.200095,
12.199716,
12.199291,
12.199138,
12.177848,
12.199826,
12.176363,
12.156183,
12.176307,
12.151134,
12.129034,
12.147059,
12.119606,
12.116405,
12.110104,
12.103799,
12.097120,
12.111464,
12.103776,
12.098346,
12.113768,
12.107309,
12.103227,
12.120121,
12.136635,
12.133995,
12.133739,
12.133419,
12.154681,
12.154463,
12.157072,
12.159748,
12.162813,
12.166237,
12.170030,
12.152829,
12.179047,
12.159985,
12.144379,
12.169258,
12.149040,
12.153470,
12.133845,
12.157681,
12.135924,
12.138710,
12.138659,
12.138886,
12.139038,
12.139153,
12.139231,
12.139270,
12.139270,
12.139233,
12.139158,
12.160419,
12.138610,
12.162439,
12.161813,
12.164111,
12.144856,
12.168809,
12.168599,
12.171300,
12.173838,
12.155198,
12.179749,
12.158798,
12.162442,
12.163308,
12.164513,
12.165704,
12.166924,
12.146800,
12.169738,
12.147036,
12.148788,
12.147618,
12.168008,
12.145198,
12.146561,
12.145029,
12.165048,
12.141861,
12.164211,
12.140627,
12.162889,
12.139177,
12.161313,
12.158842,
12.159183,
12.159218,
12.159301,
12.159393,
12.159499,
12.159617,
12.159750,
12.159896,
12.160055,
12.160230,
12.160418,
12.160621,
12.160838,
12.139700,
12.161609,
12.159230,
12.159627,
12.138350,
12.160153,
12.157660,
12.136569,
12.158201,
12.155574,
12.134338,
12.155823,
12.153043,
12.153018,
12.152677,
12.152367,
12.152048,
12.151724,
12.151394,
12.151057,
12.172084,
12.150070,
12.152351,
12.151864,
12.151684,
12.172833,
12.150948,
12.153358,
12.153001,
12.152954,
12.152867,
12.174151,
12.152398,
12.154944,
12.154726,
12.154821,
12.154880,
12.154941,
12.155001,
12.155061,
12.133750,
12.155470,
12.152884,
12.153059,
12.152913,
12.152799,
12.152674,
12.152543,
12.152407,
12.152266,
12.152117,
12.173332,
12.151509,
12.153981,
12.153687,
12.153704,
12.153681,
12.175030,
12.153342,
12.155955,
12.155805,
12.155971,
12.156101,
12.156239,
12.156376,
12.156516,
12.156657,
12.156802,
12.156948,
12.157098,
12.135880,
12.157699,
12.155216,
12.155498,
12.155463,
12.155465,
12.155462,
12.155460,
12.155457,
12.155454,
12.155450,
12.155446,
12.155441,
12.155437,
12.155432,
12.155426,
12.155420,
12.155414,
12.155407,
12.155400,
12.155393,
12.155385,
12.155377,
12.155369,
12.155360,
12.176721,
12.155049,
12.157681,
12.157553,
12.157743,
12.157902,
12.158069,
12.158240,
12.137046,
12.158889,
12.156435,
12.156745,
12.156742,
12.156776,
12.135438,
12.157133,
12.154526,
12.154680,
12.154516,
12.154387,
12.154249,
12.154108,
12.153963,
12.175185,
12.153371,
12.155855,
12.155576,
12.155609,
12.155607,
12.155608,
12.176978,
12.155317,
12.157958,
12.157839,
12.158037,
12.158204,
12.158380,
12.137188,
12.159033,
12.156580,
12.156892,
12.156891,
12.156925,
12.135588,
12.157282,
12.154675,
12.154827,
12.154663,
12.154531,
12.154390,
12.154247,
12.154099,
12.175317,
12.153499,
12.155977,
12.155693,
12.155721,
12.155712,
12.177077,
12.155409,
12.158043,
12.157916,
12.158108,
12.158266,
12.158433,
12.158604,
12.158778,
12.137587,
12.159431,
12.156977,
12.157288,
12.157286,
12.157319,
12.135981,
12.157674,
12.155066,
12.155219,
12.155054,
12.154921,
12.154779,
12.154635,
12.154487,
12.175704,
12.153885,
12.156363,
12.156079,
12.156106,
12.156096,
12.177461,
12.155791,
12.158425,
12.158298,
12.158488,
12.158646,
12.158812,
12.158981,
12.159155,
12.137962,
12.159806,
12.157351,
12.157661,
12.157660,
12.157693,
12.136354,
12.158048,
12.155439,
12.155591,
12.155425,
12.155292,
12.155150,
12.155006,
12.154857,
12.176073,
12.154254,
12.156732,
12.156446,
12.156473,
12.156464,
12.177828,
12.156158,
12.158792,
12.158663,
12.158854,
12.159010,
12.159175,
12.159344,
12.159517,
12.138325,
12.160168,
12.157713,
12.158023,
12.158020,
12.158052,
12.136713,
12.158405,
12.155796,
12.155947,
12.155781,
12.155646,
12.155504,
12.155359,
12.155210,
12.176426,
12.154606,
12.157083,
12.156796,
12.156822,
12.156812,
12.178175,
12.156505,
12.159138,
12.159009,
12.159199,
12.159355,
12.159520,
12.159689,
12.159862,
12.138668,
12.160511,
12.158055,
12.158364,
12.158360,
12.158392,
12.137053,
12.158744,
12.156135,
12.156285,
12.156118,
12.155983,
12.155840,
12.155694,
12.155543,
12.176759,
12.154938,
12.157414,
12.157128,
12.157154,
12.157144,
12.178506,
12.156835,
12.159467,
12.159337,
12.159526,
12.159681,
12.159845,
12.160013,
12.160186,
12.138991,
12.160833,
12.158378,
12.158687,
12.158683,
12.158714,
12.137374,
12.159065,
12.156455,
12.156605,
12.156438,
12.156302,
12.156159,
12.156013,
12.155862,
12.177076,
12.155255,
12.157731,
12.157444,
12.157469,
12.157457,
12.178820,
12.157148,
12.159780,
12.159649,
12.159838,
12.159993,
12.160156,
12.160324,
12.160496,
12.139301,
12.161142,
12.158686,
12.158994,
12.158989,
12.159019,
12.137678,
12.159369,
12.156758,
12.156907,
12.156739,
12.156603,
12.156459,
12.156312,
12.156160,
12.177375,
12.155553,
12.158029,
12.157741,
12.157764,
12.157752,
12.179113,
12.157441,
12.160072,
12.159942,
12.160130,
12.160284,
12.160447,
12.160614,
12.160785,
12.139589,
12.161430,
12.158973,
12.159280,
12.159274,
12.159304,
12.137962,
12.159652,
12.157041,
12.157189,
12.157021,
12.156884,
12.156740,
12.156592,
12.156440,
12.177653,
12.155831,
12.158306,
12.158018,
12.158042,
12.158030,
12.179390,
12.157718,
12.160348,
12.160216,
12.160404,
12.160558,
12.160720,
12.160886,
12.161057,
12.139861,
12.161701,
12.159244,
12.159551,
12.159545,
12.159575,
12.138232,
12.159922,
12.157310,
12.157457,
12.157289,
12.157151,
12.157006,
12.156858,
12.156705,
12.177918,
12.156096,
12.158569,
12.158280,
12.158303,
12.158290,
12.179650,
12.157977,
12.160606,
12.160475,
12.160662,
12.160815,
12.160977,
12.161143,
12.161313,
12.140117,
12.161957,
12.159498,
12.159804,
12.159798,
12.159826,
12.138483,
12.160172,
12.157559,
12.157707,
12.157537,
12.157399,
12.157253,
12.157104,
12.156951,
12.178164,
12.156340,
12.158813,
12.158525,
12.158547,
12.158533,
12.179893,
12.158218,
12.160848,
12.160715,
12.160901,
12.161054,
12.161215,
12.161380,
12.161549,
12.140351,
12.162190,
12.159731,
12.160037,
12.160030,
12.160059,
12.138716,
12.160404,
12.157791,
12.157938,
12.157767,
12.157629,
12.157483,
12.157334,
12.157180,
12.178391,
12.156568,
12.159040,
12.158751,
12.158772,
12.158758,
12.180118,
12.158443,
12.161072,
12.160938,
12.161124,
12.161276,
12.161436,
12.161600,
12.161769,
12.140572,
12.162410,
12.159950,
12.160255,
12.160248,
12.160275,
12.138931,
12.160619,
12.158005,
12.158151,
12.157980,
12.157841,
12.157694,
12.157544,
12.157390,
12.178601,
12.156776,
12.159248,
12.158957,
12.158978,
12.158963,
12.180322,
12.158647,
12.161275,
12.161141,
12.161326,
12.161478,
12.161638,
12.161802,
12.161970,
12.140772,
12.162610,
12.160150,
12.160454,
12.160445,
12.160472,
12.139128,
12.160814,
12.158200,
12.158346,
12.158175,
12.158034,
12.157887,
12.157737,
12.157581,
12.178792,
12.156966,
12.159438,
12.159147,
12.159168,
12.159153,
12.180511,
12.158834,
12.161462,
12.161327,
12.161512,
12.161663,
12.161822,
12.161985,
12.162153,
12.140954,
12.162791,
12.160331,
12.160635,
12.160626,
12.160653,
12.139308,
12.160995,
12.158380,
12.158525,
12.158353,
12.158213,
12.158065,
12.157914,
12.157758,
12.178967,
12.157142,
12.159613,
12.159321,
12.159341,
12.159325,
12.180682,
12.159006,
12.161633,
12.161497,
12.161681,
12.161832,
12.161990,
12.162153,
12.162320,
12.141121,
12.162957,
12.160496,
12.160799,
12.160789,
12.160815,
12.139469,
12.161155,
12.158540,
12.158684,
12.158511,
12.158370,
12.158221,
12.158070,
12.157913,
12.179123,
12.157296,
12.159767,
12.159474,
12.159493,
12.159476,
12.180833,
12.159156,
12.161782,
12.161647,
12.161830,
12.161980,
12.162138,
12.162300,
12.162466,
12.141266,
12.163102,
12.160640,
12.160942,
12.160932,
12.160956,
12.139610,
12.161296,
12.158680,
12.158824,
12.158650,
12.158509,
12.158360,
12.158208,
12.158051,
12.179259,
12.157433,
12.159903,
12.159610,
12.159629,
12.159612,
12.180967,
12.159290,
12.161916,
12.161779,
12.161963,
12.162111,
12.162269,
12.162430,
12.162596,
12.141396,
12.163231,
12.160769
