/*
    A DCL_runPI2Series example with the 
    following controller parameters: 
    .Kp  = 0.6753591151f,
    .Ki  = 0.1915683544f,
    .Umax = 100.00000f,
    .Umin = -100.00000f
*/
0.000000,
0.000000,
0.000000,
0.000000,
0.000000,
0.000000,
0.000000,
0.000000,
0.000000,
0.000000,
0.000000,
0.000000,
0.000000,
0.000000,
0.000000,
0.000000,
0.000000,
0.000000,
0.000000,
0.000000,
0.000000,
0.000000,
0.000000,
0.000000,
0.000000,
0.000000,
0.000000,
0.000000,
0.000000,
0.000000,
0.000000,
0.000000,
0.000000,
0.000000,
0.000000,
0.000000,
0.000000,
0.000000,
0.000000,
0.000000,
0.000000,
0.000000,
0.000000,
0.000000,
0.000000,
0.000000,
0.000000,
0.000000,
0.000000,
0.000000,
0.000000,
0.000000,
0.000000,
0.000000,
0.000000,
0.000000,
0.000000,
0.000000,
0.000000,
0.000000,
0.000000,
0.000000,
0.000000,
0.000000,
0.000000,
0.000000,
0.000000,
0.000000,
0.000000,
0.000000,
0.000000,
0.000000,
0.000000,
0.000000,
0.000000,
0.000000,
0.000000,
0.000000,
0.000000,
0.000000,
0.000000,
0.000000,
0.000000,
0.000000,
0.000000,
0.000000,
0.000000,
0.000000,
0.000000,
0.000000,
0.000000,
0.000000,
0.000000,
0.000000,
0.000000,
0.000000,
0.000000,
0.000000,
0.000000,
0.000000,
0.000000,
0.000000,
0.000000,
0.000000,
0.000000,
0.000000,
0.000000,
0.000000,
0.000000,
0.000000,
0.000000,
0.000000,
0.000000,
0.000000,
0.000000,
0.000000,
0.000000,
0.000000,
0.000000,
0.000000,
0.000000,
0.000000,
0.000000,
0.000000,
0.000000,
0.000000,
0.000000,
0.000000,
0.000000,
0.000000,
0.000000,
0.000000,
0.000000,
0.000000,
0.000000,
0.000000,
0.000000,
0.000000,
0.000000,
0.000000,
0.000000,
0.000000,
0.000000,
0.000000,
0.000000,
0.000000,
0.000000,
0.000000,
0.000000,
0.000000,
0.000000,
0.000000,
0.000000,
0.000000,
0.000000,
0.000000,
0.000000,
0.000000,
0.000000,
0.000000,
0.383615,
0.589998,
0.897433,
1.314061,
1.848026,
2.507467,
3.300528,
4.235349,
5.286709,
6.431907,
7.730081,
9.111523,
10.608997,
12.193477,
13.852944,
15.571522,
17.348434,
19.154705,
20.991243,
22.862659,
24.717941,
26.576250,
28.444685,
30.293875,
32.138802,
33.964916,
35.789883,
37.587025,
39.405117,
41.207642,
43.017189,
44.822216,
46.657341,
48.499947,
50.371483,
52.260944,
54.169857,
56.111706,
58.087273,
60.082619,
62.093704,
64.144806,
66.203865,
68.264931,
70.364784,
72.424072,
74.523598,
76.599609,
78.647964,
80.703346,
82.717972,
84.718102,
86.684952,
88.633308,
90.532997,
92.412155,
94.256042,
96.083641,
97.852669,
99.639236,
100.000000,
100.000000,
100.000000,
100.000000,
100.000000,
100.000000,
100.000000,
100.000000,
100.000000,
100.000000,
100.000000,
100.000000,
100.000000,
100.000000,
100.000000,
100.000000,
100.000000,
100.000000,
100.000000,
100.000000,
100.000000,
100.000000,
100.000000,
100.000000,
100.000000,
100.000000,
100.000000,
100.000000,
100.000000,
100.000000,
100.000000,
100.000000,
100.000000,
100.000000,
100.000000,
100.000000,
100.000000,
100.000000,
100.000000,
100.000000,
100.000000,
100.000000,
100.000000,
100.000000,
100.000000,
100.000000,
100.000000,
100.000000,
100.000000,
100.000000,
100.000000,
100.000000,
100.000000,
100.000000,
100.000000,
100.000000,
100.000000,
100.000000,
100.000000,
100.000000,
100.000000,
100.000000,
100.000000,
100.000000,
100.000000,
100.000000,
100.000000,
100.000000,
100.000000,
100.000000,
100.000000,
100.000000,
100.000000,
100.000000,
100.000000,
100.000000,
100.000000,
100.000000,
100.000000,
100.000000,
100.000000,
100.000000,
100.000000,
100.000000,
100.000000,
100.000000,
100.000000,
100.000000,
100.000000,
100.000000,
100.000000,
100.000000,
100.000000,
100.000000,
100.000000,
100.000000,
100.000000,
100.000000,
100.000000,
100.000000,
100.000000,
100.000000,
100.000000,
100.000000,
100.000000,
100.000000,
100.000000,
100.000000,
100.000000,
100.000000,
100.000000,
100.000000,
100.000000,
100.000000,
100.000000,
100.000000,
100.000000,
100.000000,
100.000000,
100.000000,
100.000000,
100.000000,
100.000000,
100.000000,
100.000000,
100.000000,
100.000000,
100.000000,
100.000000,
100.000000,
100.000000,
100.000000,
100.000000,
100.000000,
100.000000,
100.000000,
100.000000,
100.000000,
100.000000,
100.000000,
100.000000,
100.000000,
100.000000,
100.000000,
100.000000,
100.000000,
100.000000,
100.000000,
100.000000,
100.000000,
100.000000,
100.000000,
100.000000,
100.000000,
100.000000,
100.000000,
100.000000,
100.000000,
100.000000,
100.000000,
100.000000,
100.000000,
100.000000,
100.000000,
100.000000,
100.000000,
100.000000,
100.000000,
100.000000,
100.000000,
100.000000,
100.000000,
100.000000,
100.000000,
100.000000,
100.000000,
100.000000,
100.000000,
100.000000,
100.000000,
100.000000,
100.000000,
100.000000,
100.000000,
100.000000,
100.000000,
100.000000,
100.000000,
100.000000,
100.000000,
100.000000,
100.000000,
100.000000,
100.000000,
100.000000,
100.000000,
100.000000,
100.000000,
100.000000,
100.000000,
100.000000,
100.000000,
100.000000,
100.000000,
100.000000,
100.000000,
100.000000,
100.000000,
100.000000,
100.000000,
100.000000,
100.000000,
100.000000,
100.000000,
100.000000,
100.000000,
100.000000,
100.000000,
100.000000,
100.000000,
100.000000,
100.000000,
100.000000,
100.000000,
100.000000,
100.000000,
100.000000,
100.000000,
100.000000,
100.000000,
100.000000,
100.000000,
100.000000,
100.000000,
100.000000,
100.000000,
100.000000,
100.000000,
100.000000,
100.000000,
100.000000,
100.000000,
100.000000,
100.000000,
100.000000,
100.000000,
100.000000,
100.000000,
100.000000,
100.000000,
100.000000,
100.000000,
100.000000,
100.000000,
100.000000,
100.000000,
100.000000,
100.000000,
100.000000,
100.000000,
100.000000,
100.000000,
100.000000,
100.000000,
100.000000,
100.000000,
100.000000,
100.000000,
100.000000,
100.000000,
100.000000,
100.000000,
100.000000,
100.000000,
100.000000,
100.000000,
100.000000,
100.000000,
100.000000,
100.000000,
100.000000,
100.000000,
100.000000,
100.000000,
100.000000,
100.000000,
100.000000,
100.000000,
100.000000,
100.000000,
100.000000,
100.000000,
100.000000,
100.000000,
100.000000,
100.000000,
100.000000,
100.000000,
100.000000,
100.000000,
100.000000,
100.000000,
100.000000,
100.000000,
100.000000,
100.000000,
100.000000,
100.000000,
100.000000,
100.000000,
100.000000,
100.000000,
100.000000,
100.000000,
100.000000,
100.000000,
100.000000,
100.000000,
100.000000,
100.000000,
100.000000,
100.000000,
100.000000,
100.000000,
100.000000,
100.000000,
100.000000,
100.000000,
100.000000,
100.000000,
100.000000,
100.000000,
100.000000,
100.000000,
100.000000,
100.000000,
100.000000,
100.000000,
100.000000,
100.000000,
100.000000,
100.000000,
100.000000,
100.000000,
100.000000,
100.000000,
100.000000,
100.000000,
100.000000,
100.000000,
100.000000,
100.000000,
100.000000,
100.000000,
100.000000,
100.000000,
100.000000,
100.000000,
100.000000,
100.000000,
100.000000,
100.000000,
100.000000,
100.000000,
100.000000,
100.000000,
100.000000,
100.000000,
100.000000,
100.000000,
100.000000,
100.000000,
100.000000,
100.000000,
100.000000,
100.000000,
100.000000,
100.000000,
100.000000,
100.000000,
100.000000,
100.000000,
100.000000,
100.000000,
100.000000,
100.000000,
100.000000,
100.000000,
100.000000,
100.000000,
100.000000,
100.000000,
100.000000,
100.000000,
100.000000,
100.000000,
100.000000,
100.000000,
100.000000,
100.000000,
100.000000,
100.000000,
100.000000,
100.000000,
100.000000,
100.000000,
100.000000,
100.000000,
100.000000,
100.000000,
100.000000,
100.000000,
100.000000,
100.000000,
100.000000,
100.000000,
100.000000,
100.000000,
100.000000,
100.000000,
100.000000,
100.000000,
100.000000,
100.000000,
100.000000,
100.000000,
100.000000,
100.000000,
100.000000,
100.000000,
100.000000,
100.000000,
100.000000,
100.000000,
100.000000,
100.000000,
100.000000,
100.000000,
100.000000,
100.000000,
100.000000,
100.000000,
100.000000,
100.000000,
100.000000,
100.000000,
100.000000,
100.000000,
100.000000,
100.000000,
100.000000,
100.000000,
100.000000,
100.000000,
100.000000,
100.000000,
100.000000,
100.000000,
100.000000,
100.000000,
100.000000,
100.000000,
100.000000,
100.000000,
100.000000,
100.000000,
100.000000,
100.000000,
100.000000,
100.000000,
100.000000,
100.000000,
100.000000,
100.000000,
100.000000,
100.000000,
100.000000,
100.000000,
100.000000,
100.000000,
100.000000,
100.000000,
100.000000,
100.000000,
100.000000,
100.000000,
100.000000,
100.000000,
100.000000,
100.000000,
100.000000,
100.000000,
100.000000,
100.000000,
100.000000,
100.000000,
100.000000,
100.000000,
100.000000,
100.000000,
100.000000,
100.000000,
100.000000,
100.000000,
100.000000,
100.000000,
100.000000,
100.000000,
100.000000,
100.000000,
100.000000,
100.000000,
100.000000,
100.000000,
100.000000,
100.000000,
100.000000,
100.000000,
100.000000,
100.000000,
100.000000,
100.000000,
100.000000,
100.000000,
100.000000,
100.000000,
100.000000,
100.000000,
100.000000,
100.000000,
100.000000,
100.000000,
100.000000,
100.000000,
100.000000,
100.000000,
100.000000,
100.000000,
100.000000,
100.000000,
100.000000,
100.000000,
100.000000,
100.000000,
100.000000,
100.000000,
100.000000,
100.000000,
100.000000,
100.000000,
100.000000,
100.000000,
100.000000,
100.000000,
100.000000,
100.000000,
100.000000,
100.000000,
100.000000,
100.000000,
100.000000,
100.000000,
100.000000,
100.000000,
100.000000,
100.000000,
100.000000,
100.000000,
100.000000,
100.000000,
100.000000,
100.000000,
100.000000,
100.000000,
100.000000,
100.000000,
100.000000,
100.000000,
100.000000,
100.000000,
100.000000,
100.000000,
100.000000,
100.000000,
100.000000,
100.000000,
100.000000,
100.000000,
100.000000,
100.000000,
100.000000,
100.000000,
100.000000,
100.000000,
100.000000,
100.000000,
100.000000,
100.000000,
99.784424,
99.468483,
99.149620,
98.845299,
98.545517,
98.251595,
97.976204,
97.701904,
97.455322,
97.187675,
96.935493,
96.676163,
96.421219,
96.136040,
95.843231,
95.521339,
95.181358,
94.821754,
94.429039,
94.002426,
93.572517,
93.083694,
92.596130,
92.100548,
91.561676,
91.041740,
90.502686,
89.983208,
89.444023,
88.949379,
88.445953,
87.983650,
87.535995,
87.121796,
86.726295,
86.379654,
86.053772,
85.746696,
85.499138,
85.252243,
85.047546,
84.849709,
84.684555,
84.533920,
84.379257,
84.259293,
84.128036,
84.013611,
83.882233,
83.776474,
83.652344,
83.523827,
83.402931,
83.277267,
83.149178,
83.019463,
82.889305,
82.760025,
82.633156,
82.510445,
82.393890,
82.285744,
82.188530,
82.088417,
82.014832,
81.939400,
81.876907,
81.825432,
81.784966,
81.738632,
81.729248,
81.698509,
81.672432,
81.676781,
81.654861,
81.632103,
81.633965,
81.603348,
81.581978,
81.551918,
81.513779,
81.466049,
81.424057,
81.360138,
81.288033,
81.221626,
81.133690,
81.038231,
80.949440,
80.857079,
80.749229,
80.638931,
80.524612,
80.423103,
80.308090,
80.194817,
80.082031,
79.970436,
79.860565,
79.753059,
79.631912,
79.540825,
79.422447,
79.303764,
79.211578,
79.090225,
78.982941,
78.856651,
78.756569,
78.624680,
78.504189,
78.378403,
78.249268,
78.116608,
77.980484,
77.840927,
77.697983,
77.551704,
77.402107,
77.249245,
77.109840,
76.940964,
76.800812,
76.646629,
76.495529,
76.329361,
76.191742,
76.041634,
75.896034,
75.753540,
75.598183,
75.473427,
75.321663,
75.186241,
75.050659,
74.917038,
74.785378,
74.655914,
74.512192,
74.397385,
74.253563,
74.123749,
73.991074,
73.873955,
73.729019,
73.597588,
73.462898,
73.343307,
73.195381,
73.077049,
72.928528,
72.809593,
72.660233,
72.540222,
72.406204,
72.274963,
72.144615,
72.015381,
71.887276,
71.760315,
71.634521,
71.509903,
71.386490,
71.264297,
71.143349,
71.023674,
70.905273,
70.788177,
70.655724,
70.550888,
70.432228,
70.316284,
70.184486,
70.080009,
69.961372,
69.828400,
69.722153,
69.601372,
69.465836,
69.356590,
69.232346,
69.109543,
68.986252,
68.862625,
68.738586,
68.614067,
68.489014,
68.363358,
68.253738,
68.117119,
67.994919,
67.870552,
67.745865,
67.637283,
67.501823,
67.380928,
67.258026,
67.134995,
67.011574,
66.904480,
66.770699,
66.651695,
66.530937,
66.410294,
66.289566,
66.168762,
66.047890,
65.926949,
65.789253,
65.677765,
65.551025,
65.425537,
65.299408,
65.172829,
65.045753,
64.918167,
64.790054,
64.661392,
64.532150,
64.419014,
64.278969,
64.153488,
64.026031,
63.898476,
63.770607,
63.659134,
63.521084,
63.397938,
63.273170,
63.148685,
63.024288,
62.900021,
62.775906,
62.651962,
62.528206,
62.404659,
62.281345,
62.158276,
62.018795,
61.905888,
61.778095,
61.651962,
61.525608,
61.399242,
61.272842,
61.146412,
61.019947,
60.893452,
60.766926,
60.640369,
60.513779,
60.387157,
60.260506,
60.133823,
60.007107,
59.880360,
59.753582,
59.626770,
59.499928,
59.373055,
59.246151,
59.119213,
58.992245,
58.881927,
58.745293,
58.623817,
58.500980,
58.378689,
58.256737,
58.135181,
58.014030,
57.876629,
57.765957,
57.640560,
57.516983,
57.393341,
57.269852,
57.129803,
57.016167,
56.887466,
56.760223,
56.632534,
56.504593,
56.376362,
56.247814,
56.118938,
56.006390,
55.867188,
55.742779,
55.616634,
55.490627,
55.364548,
55.238419,
55.128922,
54.993092,
54.872395,
54.750320,
54.628765,
54.507538,
54.386681,
54.249531,
54.139072,
54.013855,
53.890411,
53.766865,
53.643425,
53.503387,
53.389725,
53.260960,
53.133610,
53.005775,
52.877655,
52.749195,
52.620388,
52.491203,
52.378315,
52.238728,
52.113899,
51.987289,
51.860783,
51.734165,
51.624134,
51.487732,
51.366428,
51.243702,
51.121456,
50.999500,
50.877876,
50.756596,
50.635685,
50.498482,
50.387970,
50.262699,
50.139202,
50.015602,
49.892109,
49.752022,
49.638309,
49.509491,
49.382092,
49.254204,
49.126030,
48.997517,
48.868656,
48.739418,
48.626476,
48.486835,
48.361954,
48.235294,
48.108734,
47.982063,
47.871979,
47.735523,
47.614166,
47.491386,
47.369087,
47.247078,
47.125401,
47.004070,
46.883106,
46.745853,
46.635292,
46.509968,
46.386417,
46.262764,
46.139217,
45.999077,
45.885311,
45.756439,
45.628986,
45.501045,
45.372818,
45.244251,
45.115337,
44.986050,
44.873055,
44.733364,
44.608429,
44.481716,
44.355103,
44.228378,
44.118244,
43.981739,
43.860332,
43.737503,
43.615154,
43.493092,
43.371365,
43.249981,
43.128967,
42.991661,
42.881046,
42.755669,
42.632069,
42.508366,
42.384769,
42.244576,
42.130756,
42.001831,
41.874325,
41.746334,
41.618057,
41.489441,
41.360474,
41.231133,
41.118088,
40.978344,
40.853355,
40.726589,
40.599922,
40.473145,
40.362957,
40.226398,
40.104939,
39.982056,
39.859653,
39.737541,
39.615761,
39.494324,
39.373257,
39.235897,
39.125229,
38.999802,
38.876148,
38.752392,
38.628742,
38.488495,
38.374622,
38.245647,
38.118092,
37.990047,
37.861717,
37.733047,
37.604031,
37.474636,
37.361538,
37.221741,
37.096703,
36.969883,
36.843166,
36.716339,
36.606098,
36.469486,
36.347973,
36.225037,
36.102581,
35.980415,
35.858582,
35.737095,
35.615974,
35.478565,
35.367844,
35.242363,
35.118656,
34.994846,
34.871143,
34.730846,
34.616924,
34.487896,
34.360287,
34.232189,
34.103806,
33.975082,
33.846012,
33.716568,
33.603416,
33.463566,
33.338474,
33.211605,
33.084835,
32.957954,
32.847660,
32.710999,
32.589432,
32.466446,
32.343937,
32.221718,
32.099831,
31.978291,
31.857121,
31.719656,
31.608883,
31.483347,
31.359589,
31.235727,
31.111975,
30.971626,
30.857649,
30.728569,
30.600906,
30.472759,
30.344320,
30.215548,
30.086426,
29.956930,
29.843723,
29.703823,
29.578678,
29.451756,
29.324934,
29.198000,
29.087660,
28.950943,
28.829323,
28.706285,
28.583727,
28.461454,
28.339516,
28.217924,
28.096701,
27.959183,
27.848358,
27.722771,
27.598961,
27.475046,
27.351240,
27.210840,
27.096811,
26.967678,
26.839964,
26.711763,
26.583273,
26.454449,
26.325274,
26.195724,
26.082466,
25.942514,
25.817318,
25.690344,
25.563469,
25.436481,
25.326088,
25.189318,
25.067646,
24.944555,
24.821945,
24.699621,
24.577629,
24.455986,
24.334711,
24.197142,
24.086266,
23.960627,
23.836763,
23.712797,
23.588940,
23.448486,
23.334404,
23.205219,
23.077454,
22.949202,
22.820658,
22.691780,
22.562553,
22.432953,
22.319641,
22.179636,
22.054388,
21.927361,
21.800434,
21.673395,
21.562950,
21.426128,
21.304403,
21.181261,
21.058599,
20.936222,
20.814178,
20.692482,
20.571154,
20.433531,
20.322601,
20.196909,
20.072994,
19.948975,
19.825066,
19.684561,
19.570427,
19.441189,
19.313370,
19.185066,
19.056471,
18.927542,
18.798262,
18.668608,
18.555244,
18.415188,
18.289886,
18.162807,
18.035828,
17.908735,
17.798237,
17.661364,
17.539587,
17.416391,
17.293676,
17.171247,
17.049150,
16.927402,
16.806023,
16.668348,
16.557367,
16.431623,
16.307655,
16.183584,
16.059622,
15.919064,
15.804877,
15.675590,
15.547716,
15.419359,
15.290712,
15.161731,
15.032398,
14.902694,
14.789279,
14.649169,
14.523816,
14.396684,
14.269653,
14.142509,
14.031959,
13.895032,
13.773204,
13.649956,
13.527188,
13.404708,
13.282559,
13.160758,
13.039326,
12.901599,
12.790565,
12.664769,
12.540751,
12.416626,
12.292611,
12.152000,
12.037762,
11.908422,
11.780497,
11.652087,
11.523388,
11.394354,
11.264969,
11.135212,
11.021745,
10.881582,
10.756178,
10.628993,
10.501910,
10.374714,
10.264111,
10.127131,
10.005251,
9.881950,
9.759131,
9.636599,
9.514398,
9.392544,
9.271059,
9.133280,
9.022194,
8.896345,
8.772274,
8.648097,
8.524030,
8.383367,
8.269075,
8.139683,
8.011705,
7.883245,
7.754493,
7.625407,
7.495969,
7.366159,
7.252640,
7.112425,
6.986968,
6.859731,
6.732595,
6.605346,
6.494691,
6.357660,
6.235727,
6.112375,
5.989502,
5.866918,
5.744664,
5.622759,
5.501222,
5.363390,
5.252252,
5.126351,
5.002227,
4.877998,
4.753880,
4.613164,
4.498820,
4.369375,
4.241346,
4.112832,
3.984028,
3.854890,
3.725399,
3.595537,
3.481966,
3.341698,
3.216189,
3.088900,
2.961712,
2.834411,
2.723702,
2.586619,
2.464634,
2.341229,
2.218305,
2.095668,
1.973362,
1.851404,
1.729815,
1.591931,
1.480740,
1.354787,
1.230611,
1.106330,
0.982159,
0.841391,
0.726995,
0.597497,
0.469415,
0.340850,
0.211993,
0.082803,
-0.046740,
-0.176654,
-0.290278,
-0.430598,
-0.556159,
-0.683501,
-0.810741,
-0.938095,
-1.048855,
-1.185991,
-1.308028,
-1.431485,
-1.554462,
-1.677151,
-1.799510,
-1.921520,
-2.043162,
-2.181097,
-2.292341,
-2.418346,
-2.542575,
-2.666908,
-2.791131,
-2.931952,
-3.046400,
-3.175950,
-3.304084,
-3.432703,
-3.561611,
-3.690854,
-3.820449,
-3.950415,
-4.064092,
-4.204463,
-4.330077,
-4.457471,
-4.584764,
-4.712170,
-4.822982,
-4.960170,
-5.082260,
-5.205769,
-5.328798,
-5.451540,
-5.573950,
-5.696013,
-5.817707,
-5.955695,
-6.066991,
-6.193048
