/*
    A DCL_runPIDSeries example with the 
    following controller parameters: 
    .Kp   = 0.1693591151f,
    .Ki   = 0.0075683544f,
    .Kd   = 0.0252412200f,
    .Kr   = 1.0f,
    .Umax = 1.0f,
    .Umin = -1.0f,
    (Used to calculate parameters c1, c2):
    Sampling period (ccs->T) = 1/500s
    Filter bandwidth = 45hz
*/
0.000000,
0.000000,
0.000000,
0.000000,
0.000000,
0.000000,
0.000000,
0.000000,
0.000000,
0.000000,
0.000000,
0.000000,
0.000000,
0.000000,
0.000000,
0.000000,
0.000000,
0.000000,
0.000000,
0.000000,
0.000000,
0.000000,
0.000000,
0.000000,
0.000000,
0.000000,
0.000000,
0.000000,
0.000000,
0.000000,
0.000000,
0.000000,
0.000000,
0.000000,
0.000000,
0.000000,
0.000000,
0.000000,
0.000000,
0.000000,
0.000000,
0.000000,
0.000000,
0.000000,
0.000000,
0.000000,
0.000000,
0.000000,
0.000000,
0.000000,
0.000000,
0.000000,
0.000000,
0.000000,
0.000000,
0.000000,
0.000000,
0.000000,
0.000000,
0.000000,
0.000000,
0.000000,
0.000000,
0.000000,
0.000000,
0.000000,
0.000000,
0.000000,
0.000000,
0.000000,
0.000000,
0.000000,
0.000000,
0.000000,
0.000000,
0.000000,
0.000000,
0.000000,
0.000000,
0.000000,
0.000000,
0.000000,
0.000000,
0.000000,
0.000000,
0.000000,
0.000000,
0.000000,
0.000000,
0.000000,
0.000000,
0.000000,
0.000000,
0.000000,
0.000000,
0.000000,
0.000000,
0.000000,
0.000000,
0.000000,
0.000000,
0.000000,
0.000000,
0.000000,
0.000000,
0.000000,
0.000000,
0.000000,
0.000000,
0.000000,
0.000000,
0.000000,
0.000000,
0.000000,
0.000000,
0.000000,
0.000000,
0.000000,
0.000000,
0.000000,
0.000000,
0.000000,
0.000000,
0.000000,
0.000000,
0.000000,
0.000000,
0.000000,
0.000000,
0.000000,
0.000000,
0.000000,
0.000000,
0.000000,
0.000000,
0.000000,
0.000000,
0.000000,
0.000000,
0.000000,
0.000000,
0.000000,
0.000000,
0.000000,
0.000000,
0.000000,
0.000000,
0.000000,
0.000000,
0.000000,
0.000000,
0.000000,
0.000000,
0.000000,
0.000000,
0.000000,
0.000000,
0.000000,
0.000000,
0.000000,
0.075509,
0.083328,
0.091202,
0.099130,
0.107113,
0.115150,
0.123242,
0.131389,
0.132562,
0.123058,
0.119472,
0.107023,
0.096896,
0.084837,
0.071252,
0.056014,
0.042563,
0.027399,
0.014297,
0.006726,
-0.005395,
-0.014581,
-0.017739,
-0.021350,
-0.021312,
-0.021175,
-0.017087,
-0.016027,
-0.007180,
-0.001256,
0.005957,
0.010546,
0.019571,
0.025830,
0.033214,
0.037886,
0.039880,
0.042341,
0.045048,
0.044600,
0.040949,
0.040721,
0.036727,
0.029289,
0.028461,
0.016584,
0.015186,
0.009345,
0.000150,
-0.002496,
-0.009243,
-0.012445,
-0.015999,
-0.016008,
-0.019482,
-0.019158,
-0.018859,
-0.014674,
-0.017103,
-0.008416,
-0.010136,
-0.003824,
-0.001006,
0.006133,
0.006711,
0.011510,
0.012881,
0.018239,
0.016762,
0.019222,
0.021473,
0.020473,
0.019587,
0.018478,
0.020716,
0.015850,
0.014563,
0.012685,
0.007144,
0.008309,
0.005473,
0.006285,
0.003333,
0.000419,
0.000635,
0.000607,
0.000663,
0.000732,
0.000804,
0.004384,
0.004536,
0.005016,
0.008941,
0.009438,
0.010272,
0.011049,
0.015346,
0.016237,
0.017488,
0.018704,
0.019949,
0.017713,
0.018934,
0.019852,
0.017356,
0.018314,
0.018964,
0.016187,
0.013335,
0.017089,
0.010122,
0.013904,
0.010005,
0.013479,
0.009592,
0.005980,
0.008858,
0.011507,
0.007572,
0.007287,
0.010062,
0.009421,
0.009065,
0.012114,
0.011695,
0.011569,
0.011345,
0.014598,
0.010888,
0.014426,
0.014125,
0.014206,
0.014213,
0.014212,
0.014202,
0.014187,
0.014169,
0.014150,
0.014129,
0.010594,
0.013990,
0.010112,
0.013562,
0.009676,
0.009602,
0.012631,
0.008779,
0.008673,
0.008156,
0.011197,
0.007290,
0.010643,
0.010162,
0.006552,
0.009801,
0.012794,
0.009245,
0.009388,
0.012641,
0.009017,
0.012665,
0.012500,
0.012739,
0.009412,
0.013028,
0.012894,
0.009659,
0.013311,
0.013218,
0.010023,
0.010200,
0.013563,
0.010064,
0.010335,
0.010217,
0.013679,
0.010214,
0.010516,
0.010424,
0.010395,
0.010369,
0.010350,
0.010332,
0.010317,
0.010302,
0.010287,
0.010273,
0.010259,
0.010245,
0.010230,
0.013730,
0.010298,
0.010626,
0.010557,
0.010550,
0.014059,
0.010641,
0.010987,
0.014450,
0.011044,
0.011402,
0.011368,
0.011399,
0.011434,
0.011475,
0.011520,
0.011566,
0.011614,
0.011662,
0.011711,
0.008247,
0.011715,
0.011423,
0.011529,
0.011573,
0.011614,
0.008138,
0.011590,
0.011281,
0.011369,
0.011395,
0.011418,
0.011436,
0.011452,
0.011466,
0.011480,
0.011493,
0.011506,
0.011519,
0.011532,
0.011545,
0.011558,
0.011571,
0.011585,
0.011598,
0.011611,
0.011625,
0.011638,
0.008138,
0.011570,
0.011241,
0.011310,
0.011317,
0.011321,
0.011320,
0.011317,
0.011312,
0.011307,
0.011301,
0.011295,
0.011288,
0.011282,
0.011275,
0.011269,
0.011262,
0.011255,
0.011248,
0.011241,
0.011234,
0.011227,
0.011220,
0.011213,
0.011206,
0.011198,
0.011191,
0.011184,
0.011176,
0.011169,
0.011161,
0.011154,
0.011146,
0.011138,
0.011131,
0.011123,
0.011115,
0.011107,
0.011099,
0.011091,
0.011083,
0.011075,
0.011067,
0.011059,
0.011050,
0.011042,
0.011034,
0.011025,
0.011017,
0.011008,
0.010999,
0.010991,
0.010982,
0.014487,
0.011060,
0.011394,
0.011330,
0.011328,
0.011329,
0.011335,
0.011343,
0.011353,
0.011364,
0.011375,
0.011386,
0.011398,
0.007896,
0.011326,
0.010995,
0.011062,
0.011067,
0.011070,
0.011067,
0.011062,
0.011056,
0.011048,
0.011041,
0.011033,
0.011024,
0.011016,
0.014521,
0.011095,
0.011429,
0.011365,
0.011364,
0.011365,
0.011371,
0.011380,
0.011390,
0.011401,
0.011412,
0.011424,
0.011436,
0.011448,
0.011460,
0.007959,
0.011389,
0.011059,
0.011126,
0.011132,
0.011135,
0.011132,
0.011128,
0.011122,
0.011115,
0.011108,
0.011100,
0.011093,
0.011085,
0.011077,
0.011069,
0.011061,
0.014566,
0.011140,
0.011474,
0.011411,
0.011410,
0.011411,
0.011418,
0.011427,
0.011437,
0.011448,
0.011460,
0.007958,
0.011388,
0.011058,
0.011125,
0.011131,
0.011134,
0.011132,
0.011127,
0.011121,
0.011114,
0.011107,
0.011099,
0.011092,
0.011084,
0.011076,
0.011068,
0.011060,
0.011051,
0.011043,
0.014548,
0.011122,
0.011456,
0.011393,
0.011392,
0.011393,
0.011399,
0.011408,
0.011418,
0.011429,
0.011441,
0.011453,
0.007951,
0.011381,
0.011051,
0.011118,
0.011124,
0.011126,
0.011124,
0.011120,
0.011114,
0.011107,
0.011099,
0.011092,
0.011084,
0.011076,
0.011068,
0.011060,
0.011052,
0.011043,
0.014549,
0.011122,
0.011457,
0.011393,
0.011392,
0.011393,
0.011400,
0.011408,
0.011418,
0.011429,
0.011441,
0.011453,
0.007951,
0.011381,
0.011051,
0.011119,
0.011124,
0.011127,
0.011124,
0.011120,
0.011114,
0.011107,
0.011100,
0.011092,
0.011084,
0.011076,
0.011068,
0.011060,
0.011052,
0.011044,
0.014549,
0.011123,
0.011457,
0.011394,
0.011392,
0.011394,
0.011400,
0.011409,
0.011419,
0.011430,
0.011441,
0.011453,
0.007952,
0.011382,
0.011052,
0.011119,
0.011124,
0.011127,
0.011125,
0.011120,
0.011114,
0.011107,
0.011100,
0.011092,
0.011085,
0.011077,
0.011069,
0.011060,
0.011052,
0.011044,
0.014549,
0.011123,
0.011457,
0.011394,
0.011393,
0.011394,
0.011400,
0.011409,
0.011419,
0.011430,
0.011442,
0.011454,
0.007952,
0.011382,
0.011052,
0.011119,
0.011124,
0.011127,
0.011125,
0.011121,
0.011115,
0.011108,
0.011100,
0.011093,
0.011085,
0.011077,
0.011069,
0.011061,
0.011053,
0.011044,
0.014550,
0.011123,
0.011458,
0.011394,
0.011393,
0.011394,
0.011400,
0.011409,
0.011419,
0.011430,
0.011442,
0.011454,
0.007952,
0.011382,
0.011052,
0.011120,
0.011125,
0.011128,
0.011125,
0.011121,
0.011115,
0.011108,
0.011101,
0.011093,
0.011085,
0.011077,
0.011069,
0.011061,
0.011053,
0.011045,
0.014550,
0.011124,
0.011458,
0.011395,
0.011393,
0.011395,
0.011401,
0.011410,
0.011420,
0.011431,
0.011442,
0.011454,
0.007953,
0.011383,
0.011053,
0.011120,
0.011125,
0.011128,
0.011126,
0.011121,
0.011115,
0.011108,
0.011101,
0.011093,
0.011086,
0.011078,
0.011070,
0.011061,
0.011053,
0.011045,
0.014550,
0.011124,
0.011458,
0.011395,
0.011394,
0.011395,
0.011401,
0.011410,
0.011420,
0.011431,
0.011443,
0.011455,
0.007953,
0.011383,
0.011053,
0.011120,
0.011125,
0.011128,
0.011126,
0.011122,
0.011116,
0.011109,
0.011101,
0.011094,
0.011086,
0.011078,
0.011070,
0.011062,
0.011054,
0.011045,
0.014551,
0.011124,
0.011459,
0.011395,
0.011394,
0.011395,
0.011402,
0.011410,
0.011420,
0.011431,
0.011443,
0.011455,
0.007953,
0.011383,
0.011053,
0.011121,
0.011126,
0.011129,
0.011127,
0.011122,
0.011116,
0.011109,
0.011102,
0.011094,
0.011086,
0.011078,
0.011070,
0.011062,
0.011054,
0.011046,
0.014551,
0.011125,
0.011459,
0.011396,
0.011394,
0.011396,
0.011402,
0.011411,
0.011421,
0.011432,
0.011443,
0.011455,
0.007954,
0.011384,
0.011054,
0.011121,
0.011126,
0.011129,
0.011127,
-0.064386,
-0.072212,
-0.080093,
-0.088028,
-0.096019,
-0.104064,
-0.112164,
-0.120318,
-0.117986,
-0.115422,
-0.104570,
-0.095944,
-0.085421,
-0.073422,
-0.059834,
-0.044592,
-0.031133,
-0.015960,
-0.006360,
0.008153,
0.016526,
0.022608,
0.029134,
0.032412,
0.032436,
0.032302,
0.028216,
0.027153,
0.018301,
0.012370,
0.005151,
0.000554,
-0.008479,
-0.014745,
-0.022138,
-0.026817,
-0.028820,
-0.031289,
-0.034004,
-0.030051,
-0.033340,
-0.029360,
-0.022258,
-0.021698,
-0.013601,
-0.009057,
-0.000329,
0.001691,
0.011288,
0.013876,
0.020629,
0.023836,
0.027397,
0.027417,
0.030901,
0.030588,
0.026788,
0.029546,
0.024713,
0.023367,
0.017764,
0.015276,
0.012062,
0.004985,
0.004405,
-0.000394,
-0.001769,
-0.007133,
-0.005662,
-0.008130,
-0.010389,
-0.009396,
-0.008518,
-0.007417,
-0.006150,
-0.004710,
-0.003089,
-0.001273,
0.000753,
0.003006,
0.005507,
0.008272,
0.007809,
0.011067,
0.010793,
0.010822,
0.010770,
0.010708,
0.007132,
0.010494,
0.006594,
0.003009,
0.005966,
0.001718,
-0.002225,
0.000364,
-0.004267,
-0.005097,
-0.006345,
-0.007560,
-0.008808,
-0.006577,
-0.007803,
-0.008729,
-0.006240,
-0.007205,
-0.007864,
-0.005094,
-0.002250,
-0.002499,
-0.002471,
-0.002501,
0.000993,
0.001086,
0.001549,
0.001987,
0.002466,
0.002989,
0.003562,
0.000676,
0.004777,
0.001660,
-0.001096,
0.002732,
-0.000602,
-0.000073,
-0.003416,
0.000270,
-0.003288,
-0.003001,
-0.003094,
-0.003111,
-0.003119,
-0.003118,
-0.003111,
-0.003102,
-0.003091,
-0.003079,
-0.003067,
0.000460,
-0.002944,
0.000926,
0.000981,
0.001441,
-0.001664,
0.002174,
0.002265,
0.002770,
0.003231,
0.000196,
0.004108,
0.000764,
0.001255,
0.001362,
0.001542,
0.001731,
0.001930,
-0.001379,
0.002247,
-0.001399,
-0.001226,
-0.001457,
0.001880,
-0.001725,
-0.001581,
-0.001849,
0.001442,
-0.002214,
0.001390,
-0.002351,
0.001226,
-0.002542,
0.001012,
0.000735,
0.000850,
0.000896,
0.000937,
0.000970,
0.001000,
0.001028,
0.001054,
0.001081,
0.001107,
0.001133,
0.001159,
0.001186,
0.001212,
-0.002275,
0.001169,
0.000853,
0.000935,
-0.002559,
0.000876,
0.000546,
-0.002903,
0.000517,
0.000172,
-0.003294,
0.000106,
-0.000258,
-0.000231,
-0.000269,
-0.000312,
-0.000361,
-0.000413,
-0.000467,
-0.000523,
0.002935,
-0.000540,
-0.000256,
-0.000369,
-0.000420,
0.003044,
-0.000418,
-0.000118,
-0.000214,
-0.000248,
-0.000279,
0.003209,
-0.000232,
0.000088,
0.000012,
-0.000002,
-0.000014,
-0.000020,
-0.000023,
-0.000026,
-0.003541,
-0.000124,
-0.000467,
-0.000413,
-0.000421,
-0.000431,
-0.000447,
-0.000464,
-0.000484,
-0.000504,
-0.000525,
0.002967,
-0.000472,
-0.000151,
-0.000228,
-0.000243,
-0.000255,
0.003251,
-0.000172,
0.000167,
0.000109,
0.000114,
0.000122,
0.000134,
0.000150,
0.000167,
0.000185,
0.000203,
0.000222,
0.000241,
-0.003253,
0.000184,
-0.000139,
-0.000064,
-0.000052,
-0.000042,
-0.000036,
-0.000033,
-0.000032,
-0.000031,
-0.000031,
-0.000031,
-0.000031,
-0.000031,
-0.000031,
-0.000031,
-0.000031,
-0.000032,
-0.000032,
-0.000032,
-0.000032,
-0.000032,
-0.000033,
-0.000033,
-0.000033,
0.003480,
0.000062,
0.000405,
0.000349,
0.000357,
0.000366,
0.000381,
0.000398,
-0.003097,
0.000341,
0.000018,
0.000094,
0.000107,
0.000118,
-0.003389,
0.000033,
-0.000307,
-0.000250,
-0.000256,
-0.000265,
-0.000279,
-0.000295,
-0.000313,
0.003181,
-0.000256,
0.000067,
-0.000008,
-0.000021,
-0.000032,
-0.000038,
0.003472,
0.000052,
0.000393,
0.000338,
0.000344,
0.000354,
0.000368,
-0.003129,
0.000308,
-0.000015,
0.000060,
0.000073,
0.000084,
-0.003424,
-0.000002,
-0.000343,
-0.000286,
-0.000292,
-0.000301,
-0.000315,
-0.000332,
-0.000350,
0.003144,
-0.000294,
0.000029,
-0.000047,
-0.000060,
-0.000071,
0.003437,
0.000015,
0.000355,
0.000299,
0.000305,
0.000314,
0.000328,
0.000345,
0.000363,
-0.003132,
0.000306,
-0.000016,
0.000059,
0.000072,
0.000083,
-0.003424,
-0.000003,
-0.000343,
-0.000287,
-0.000293,
-0.000302,
-0.000316,
-0.000333,
-0.000351,
0.003144,
-0.000294,
0.000028,
-0.000047,
-0.000060,
-0.000071,
0.003436,
0.000015,
0.000355,
0.000298,
0.000305,
0.000313,
0.000328,
0.000344,
0.000362,
-0.003132,
0.000306,
-0.000017,
0.000059,
0.000072,
0.000083,
-0.003425,
-0.000003,
-0.000343,
-0.000287,
-0.000293,
-0.000302,
-0.000316,
-0.000333,
-0.000351,
0.003143,
-0.000294,
0.000028,
-0.000047,
-0.000061,
-0.000072,
0.003436,
0.000014,
0.000354,
0.000298,
0.000304,
0.000313,
0.000327,
0.000344,
0.000362,
-0.003132,
0.000305,
-0.000017,
0.000058,
0.000071,
0.000082,
-0.003425,
-0.000003,
-0.000344,
-0.000287,
-0.000293,
-0.000302,
-0.000316,
-0.000333,
-0.000352,
0.003143,
-0.000295,
0.000028,
-0.000048,
-0.000061,
-0.000072,
0.003436,
0.000014,
0.000354,
0.000298,
0.000304,
0.000313,
0.000327,
0.000344,
0.000362,
-0.003133,
0.000305,
-0.000017,
0.000058,
0.000071,
0.000082,
-0.003425,
-0.000004,
-0.000344,
-0.000288,
-0.000294,
-0.000303,
-0.000317,
-0.000334,
-0.000352,
0.003143,
-0.000295,
0.000027,
-0.000048,
-0.000061,
-0.000072,
0.003435,
0.000014,
0.000354,
0.000297,
0.000303,
0.000312,
0.000326,
0.000343,
0.000361,
-0.003133,
0.000305,
-0.000018,
0.000057,
0.000071,
0.000082,
-0.003426,
-0.000004,
-0.000344,
-0.000288,
-0.000294,
-0.000303,
-0.000317,
-0.000334,
-0.000352,
0.003142,
-0.000295,
0.000027,
-0.000048,
-0.000062,
-0.000073,
0.003435,
0.000013,
0.000353,
0.000297,
0.000303,
0.000312,
0.000326,
0.000343,
0.000361,
-0.003133,
0.000304,
-0.000018,
0.000057,
0.000070,
0.000081,
-0.003426,
-0.000005,
-0.000345,
-0.000288,
-0.000295,
-0.000303,
-0.000318,
-0.000334,
-0.000353,
0.003142,
-0.000296,
0.000027,
-0.000049,
-0.000062,
-0.000073,
0.003434,
0.000013,
0.000353,
0.000297,
0.000303,
0.000312,
0.000326,
0.000342,
0.000361,
-0.003134,
0.000304,
-0.000018,
0.000057,
0.000070,
0.000081,
-0.003426,
-0.000005,
-0.000345,
-0.000289,
-0.000295,
-0.000304,
-0.000318,
-0.000335,
-0.000353,
0.003142,
-0.000296,
0.000026,
-0.000049,
-0.000062,
-0.000073,
0.003434,
0.000013,
0.000353,
0.000296,
0.000302,
0.000311,
0.000325,
0.000342,
0.000360,
-0.003134,
0.000304,
-0.000019,
0.000056,
0.000070,
0.000081,
-0.003427,
-0.000005,
-0.000345,
-0.000289,
-0.000295,
-0.000304,
-0.000318,
-0.000335,
-0.000353,
0.003141,
-0.000297,
0.000026,
-0.000049,
-0.000063,
-0.000074,
0.003434,
0.000012,
0.000352,
0.000296,
0.000302,
0.000311,
0.000325,
0.000342,
0.000360,
-0.003134,
0.000303,
-0.000019,
0.000056,
0.000069,
0.000080,
-0.003427,
-0.000006,
-0.000346,
-0.000289,
-0.000296,
-0.000304,
-0.000319,
-0.000335,
-0.000354,
0.003141,
-0.000297,
0.000026,
-0.000050,
-0.000063,
-0.000074,
0.003433,
0.000012,
0.000352,
0.000296,
0.000302,
0.000311,
0.000325,
0.000341,
0.000360,
-0.003135,
0.000303,
-0.000020,
0.000056,
0.000069,
0.000080,
-0.003428,
-0.000006,
-0.000346,
-0.000290,
-0.000296,
-0.000305,
-0.000319,
-0.000336,
-0.000354,
0.003140,
-0.000297,
0.000025,
-0.000050,
-0.000063,
-0.000074,
0.003433,
0.000011,
0.000352,
0.000295,
0.000301,
0.000310,
0.000324,
0.000341,
0.000359,
-0.003135,
0.000303,
-0.000020,
0.000055,
0.000069,
0.000080,
-0.003428,
-0.000006,
-0.000347,
-0.000290,
-0.000296,
-0.000305,
-0.000319,
-0.000336,
-0.000354,
0.003140,
-0.000298,
0.000025,
-0.000050,
-0.000064,
-0.000075,
0.003433,
0.000011,
0.000351,
0.000295,
0.000301,
0.000310,
0.000324,
0.000341,
0.000359,
-0.003135,
0.000302,
-0.000020,
0.000055,
0.000068,
0.000079,
-0.003428,
-0.000007,
-0.000347,
-0.000290,
-0.000297,
-0.000306,
-0.000320,
-0.000336,
-0.000355,
0.003140,
-0.000298,
0.000024,
-0.000051,
-0.000064,
-0.000075,
0.003432,
0.000011,
0.000351,
0.000295,
0.000301,
0.000310,
0.000324,
0.000340,
0.000359,
-0.003136,
0.000302,
-0.000021,
0.000055,
0.000068,
0.000079,
-0.003429,
-0.000007,
-0.000347,
-0.000291,
-0.000297,
-0.000306,
-0.000320,
-0.000337,
-0.000355,
0.003139,
-0.000298,
0.000024,
-0.000051,
-0.000064,
-0.000076,
0.003432,
0.000010,
0.000351,
0.000294,
0.000300,
0.000309,
0.000323,
0.000340,
0.000358,
-0.003136,
0.000301,
-0.000021,
0.000054,
0.000068,
0.000079,
-0.003429,
-0.000007,
-0.000348,
-0.000291,
-0.000297,
-0.000306,
-0.000320,
-0.000337,
-0.000355,
0.003139,
-0.000299,
0.000024,
-0.000052,
-0.000065,
-0.000076,
0.003432,
0.000010,
0.000350,
0.000294,
0.000300,
0.000309,
0.000323,
0.000340,
0.000358,
-0.003137,
0.000301,
-0.000021,
0.000054,
0.000067,
0.000078,
-0.003429,
-0.000008,
-0.000348,
-0.000291,
-0.000298,
-0.000307,
-0.000321,
-0.000337,
-0.000356,
0.003139,
-0.000299,
0.000023,
-0.000052,
-0.000065,
-0.000076,
0.003431,
0.000010,
0.000350,
0.000293,
0.000300,
0.000308,
0.000323,
0.000339,
0.000358,
-0.003137,
0.000301,
-0.000022
