0.00000000e+00,
0.00000000e+00,
0.00000000e+00,
0.00000000e+00,
0.00000000e+00,
0.00000000e+00,
0.00000000e+00,
0.00000000e+00,
0.00000000e+00,
0.00000000e+00,
0.00000000e+00,
0.00000000e+00,
0.00000000e+00,
0.00000000e+00,
0.00000000e+00,
0.00000000e+00,
0.00000000e+00,
0.00000000e+00,
0.00000000e+00,
0.00000000e+00,
0.00000000e+00,
0.00000000e+00,
0.00000000e+00,
0.00000000e+00,
0.00000000e+00,
0.00000000e+00,
0.00000000e+00,
0.00000000e+00,
0.00000000e+00,
0.00000000e+00,
0.00000000e+00,
0.00000000e+00,
0.00000000e+00,
0.00000000e+00,
0.00000000e+00,
0.00000000e+00,
0.00000000e+00,
0.00000000e+00,
0.00000000e+00,
0.00000000e+00,
0.00000000e+00,
0.00000000e+00,
0.00000000e+00,
0.00000000e+00,
0.00000000e+00,
0.00000000e+00,
0.00000000e+00,
0.00000000e+00,
0.00000000e+00,
0.00000000e+00,
0.00000000e+00,
0.00000000e+00,
0.00000000e+00,
0.00000000e+00,
0.00000000e+00,
0.00000000e+00,
0.00000000e+00,
0.00000000e+00,
0.00000000e+00,
0.00000000e+00,
0.00000000e+00,
0.00000000e+00,
0.00000000e+00,
0.00000000e+00,
0.00000000e+00,
0.00000000e+00,
0.00000000e+00,
0.00000000e+00,
0.00000000e+00,
0.00000000e+00,
0.00000000e+00,
0.00000000e+00,
0.00000000e+00,
0.00000000e+00,
0.00000000e+00,
0.00000000e+00,
0.00000000e+00,
0.00000000e+00,
0.00000000e+00,
0.00000000e+00,
0.00000000e+00,
0.00000000e+00,
0.00000000e+00,
0.00000000e+00,
0.00000000e+00,
0.00000000e+00,
0.00000000e+00,
0.00000000e+00,
0.00000000e+00,
0.00000000e+00,
0.00000000e+00,
0.00000000e+00,
0.00000000e+00,
0.00000000e+00,
0.00000000e+00,
0.00000000e+00,
0.00000000e+00,
0.00000000e+00,
0.00000000e+00,
0.00000000e+00,
0.00000000e+00,
0.00000000e+00,
0.00000000e+00,
0.00000000e+00,
0.00000000e+00,
0.00000000e+00,
0.00000000e+00,
0.00000000e+00,
0.00000000e+00,
0.00000000e+00,
0.00000000e+00,
0.00000000e+00,
0.00000000e+00,
0.00000000e+00,
0.00000000e+00,
0.00000000e+00,
0.00000000e+00,
0.00000000e+00,
0.00000000e+00,
0.00000000e+00,
0.00000000e+00,
0.00000000e+00,
0.00000000e+00,
0.00000000e+00,
0.00000000e+00,
0.00000000e+00,
0.00000000e+00,
0.00000000e+00,
0.00000000e+00,
0.00000000e+00,
0.00000000e+00,
0.00000000e+00,
0.00000000e+00,
0.00000000e+00,
0.00000000e+00,
0.00000000e+00,
0.00000000e+00,
0.00000000e+00,
0.00000000e+00,
0.00000000e+00,
0.00000000e+00,
0.00000000e+00,
0.00000000e+00,
0.00000000e+00,
0.00000000e+00,
0.00000000e+00,
0.00000000e+00,
0.00000000e+00,
0.00000000e+00,
0.00000000e+00,
0.00000000e+00,
0.00000000e+00,
0.00000000e+00,
0.00000000e+00,
0.00000000e+00,
0.00000000e+00,
0.00000000e+00,
0.00000000e+00,
0.00000000e+00,
0.00000000e+00,
0.00000000e+00,
0.00000000e+00,
0.00000000e+00,
0.00000000e+00,
0.00000000e+00,
0.00000000e+00,
0.00000000e+00,
0.00000000e+00,
4.88281250e-04,
1.46484375e-03,
3.17382813e-03,
5.12695313e-03,
7.56835938e-03,
1.02539063e-02,
1.31835938e-02,
1.66015625e-02,
2.00195313e-02,
2.36816406e-02,
2.73437500e-02,
3.10058594e-02,
3.49121094e-02,
3.85742188e-02,
4.24804688e-02,
4.61425781e-02,
4.95605469e-02,
5.29785156e-02,
5.63964844e-02,
5.95703125e-02,
6.22558594e-02,
6.51855469e-02,
6.76269531e-02,
6.98242188e-02,
7.17773438e-02,
7.37304688e-02,
7.51953125e-02,
7.66601563e-02,
7.76367188e-02,
7.86132813e-02,
7.93457031e-02,
7.98339844e-02,
8.00781250e-02,
8.03222656e-02,
8.03222656e-02,
8.00781250e-02,
7.98339844e-02,
7.93457031e-02,
7.88574219e-02,
7.83691406e-02,
7.78808594e-02,
7.71484375e-02,
7.64160156e-02,
7.56835938e-02,
7.49511719e-02,
7.42187500e-02,
7.34863281e-02,
7.29980469e-02,
7.22656250e-02,
7.17773438e-02,
7.10449219e-02,
7.05566406e-02,
7.03125000e-02,
6.98242188e-02,
6.95800781e-02,
6.93359375e-02,
6.93359375e-02,
6.90917969e-02,
6.90917969e-02,
6.90917969e-02,
6.93359375e-02,
6.95800781e-02,
6.98242188e-02,
7.00683594e-02,
7.03125000e-02,
7.08007813e-02,
7.12890625e-02,
7.15332031e-02,
7.20214844e-02,
7.25097656e-02,
7.29980469e-02,
7.37304688e-02,
7.42187500e-02,
7.47070313e-02,
7.51953125e-02,
7.56835938e-02,
7.64160156e-02,
7.69042969e-02,
7.73925781e-02,
7.78808594e-02,
7.81250000e-02,
7.86132813e-02,
7.91015625e-02,
7.93457031e-02,
7.98339844e-02,
8.00781250e-02,
8.03222656e-02,
8.05664063e-02,
8.08105469e-02,
8.10546875e-02,
8.12988281e-02,
8.12988281e-02,
8.15429688e-02,
8.15429688e-02,
8.15429688e-02,
8.17871094e-02,
8.17871094e-02,
8.17871094e-02,
8.17871094e-02,
8.17871094e-02,
8.17871094e-02,
8.17871094e-02,
8.17871094e-02,
8.17871094e-02,
8.17871094e-02,
8.17871094e-02,
8.17871094e-02,
8.15429688e-02,
8.15429688e-02,
8.15429688e-02,
8.15429688e-02,
8.15429688e-02,
8.15429688e-02,
8.15429688e-02,
8.15429688e-02,
8.15429688e-02,
8.15429688e-02,
8.17871094e-02,
8.17871094e-02,
8.17871094e-02,
8.17871094e-02,
8.20312500e-02,
8.20312500e-02,
8.20312500e-02,
8.22753906e-02,
8.22753906e-02,
8.22753906e-02,
8.25195313e-02,
8.25195313e-02,
8.27636719e-02,
8.27636719e-02,
8.27636719e-02,
8.30078125e-02,
8.30078125e-02,
8.32519531e-02,
8.32519531e-02,
8.34960938e-02,
8.34960938e-02,
8.37402344e-02,
8.37402344e-02,
8.37402344e-02,
8.39843750e-02,
8.39843750e-02,
8.42285156e-02,
8.42285156e-02,
8.42285156e-02,
8.44726563e-02,
8.44726563e-02,
8.44726563e-02,
8.47167969e-02,
8.47167969e-02,
8.47167969e-02,
8.47167969e-02,
8.49609375e-02,
8.49609375e-02,
8.49609375e-02,
8.49609375e-02,
8.49609375e-02,
8.52050781e-02,
8.52050781e-02,
8.52050781e-02,
8.52050781e-02,
8.52050781e-02,
8.52050781e-02,
8.54492188e-02,
8.54492188e-02,
8.54492188e-02,
8.54492188e-02,
8.54492188e-02,
8.54492188e-02,
8.56933594e-02,
8.56933594e-02,
8.56933594e-02,
8.56933594e-02,
8.56933594e-02,
8.56933594e-02,
8.56933594e-02,
8.59375000e-02,
8.59375000e-02,
8.59375000e-02,
8.59375000e-02,
8.59375000e-02,
8.61816406e-02,
8.61816406e-02,
8.61816406e-02,
8.61816406e-02,
8.61816406e-02,
8.64257813e-02,
8.64257813e-02,
8.64257813e-02,
8.64257813e-02,
8.64257813e-02,
8.66699219e-02,
8.66699219e-02,
8.66699219e-02,
8.66699219e-02,
8.66699219e-02,
8.69140625e-02,
8.69140625e-02,
8.69140625e-02,
8.69140625e-02,
8.69140625e-02,
8.71582031e-02,
8.71582031e-02,
8.71582031e-02,
8.71582031e-02,
8.71582031e-02,
8.71582031e-02,
8.74023438e-02,
8.74023438e-02,
8.74023438e-02,
8.74023438e-02,
8.74023438e-02,
8.74023438e-02,
8.76464844e-02,
8.76464844e-02,
8.76464844e-02,
8.76464844e-02,
8.76464844e-02,
8.76464844e-02,
8.78906250e-02,
8.78906250e-02,
8.78906250e-02,
8.78906250e-02,
8.78906250e-02,
8.78906250e-02,
8.78906250e-02,
8.81347656e-02,
8.81347656e-02,
8.81347656e-02,
8.81347656e-02,
8.81347656e-02,
8.81347656e-02,
8.83789063e-02,
8.83789063e-02,
8.83789063e-02,
8.83789063e-02,
8.83789063e-02,
8.83789063e-02,
8.83789063e-02,
8.86230469e-02,
8.86230469e-02,
8.86230469e-02,
8.86230469e-02,
8.86230469e-02,
8.86230469e-02,
8.86230469e-02,
8.88671875e-02,
8.88671875e-02,
8.88671875e-02,
8.88671875e-02,
8.88671875e-02,
8.88671875e-02,
8.88671875e-02,
8.91113281e-02,
8.91113281e-02,
8.91113281e-02,
8.91113281e-02,
8.91113281e-02,
8.91113281e-02,
8.91113281e-02,
8.93554688e-02,
8.93554688e-02,
8.93554688e-02,
8.93554688e-02,
8.93554688e-02,
8.93554688e-02,
8.93554688e-02,
8.95996094e-02,
8.95996094e-02,
8.95996094e-02,
8.95996094e-02,
8.95996094e-02,
8.95996094e-02,
8.95996094e-02,
8.98437500e-02,
8.98437500e-02,
8.98437500e-02,
8.98437500e-02,
8.98437500e-02,
8.98437500e-02,
8.98437500e-02,
8.98437500e-02,
9.00878906e-02,
9.00878906e-02,
9.00878906e-02,
9.00878906e-02,
9.00878906e-02,
9.00878906e-02,
9.00878906e-02,
9.00878906e-02,
9.03320313e-02,
9.03320313e-02,
9.03320313e-02,
9.03320313e-02,
9.03320313e-02,
9.03320313e-02,
9.03320313e-02,
9.03320313e-02,
9.05761719e-02,
9.05761719e-02,
9.05761719e-02,
9.05761719e-02,
9.05761719e-02,
9.05761719e-02,
9.05761719e-02,
9.05761719e-02,
9.05761719e-02,
9.08203125e-02,
9.08203125e-02,
9.08203125e-02,
9.08203125e-02,
9.08203125e-02,
9.08203125e-02,
9.08203125e-02,
9.08203125e-02,
9.10644531e-02,
9.10644531e-02,
9.10644531e-02,
9.10644531e-02,
9.10644531e-02,
9.10644531e-02,
9.10644531e-02,
9.10644531e-02,
9.10644531e-02,
9.13085938e-02,
9.13085938e-02,
9.13085938e-02,
9.13085938e-02,
9.13085938e-02,
9.13085938e-02,
9.13085938e-02,
9.13085938e-02,
9.13085938e-02,
9.15527344e-02,
9.15527344e-02,
9.15527344e-02,
9.15527344e-02,
9.15527344e-02,
9.15527344e-02,
9.15527344e-02,
9.15527344e-02,
9.15527344e-02,
9.17968750e-02,
9.17968750e-02,
9.17968750e-02,
9.17968750e-02,
9.17968750e-02,
9.17968750e-02,
9.17968750e-02,
9.17968750e-02,
9.17968750e-02,
9.17968750e-02,
9.20410156e-02,
9.20410156e-02,
9.20410156e-02,
9.20410156e-02,
9.20410156e-02,
9.20410156e-02,
9.20410156e-02,
9.20410156e-02,
9.20410156e-02,
9.20410156e-02,
9.22851563e-02,
9.22851563e-02,
9.22851563e-02,
9.22851563e-02,
9.22851563e-02,
9.22851563e-02,
9.22851563e-02,
9.22851563e-02,
9.22851563e-02,
9.22851563e-02,
9.25292969e-02,
9.25292969e-02,
9.25292969e-02,
9.25292969e-02,
9.25292969e-02,
9.25292969e-02,
9.25292969e-02,
9.25292969e-02,
9.25292969e-02,
9.25292969e-02,
9.25292969e-02,
9.27734375e-02,
9.27734375e-02,
9.27734375e-02,
9.27734375e-02,
9.27734375e-02,
9.27734375e-02,
9.27734375e-02,
9.27734375e-02,
9.27734375e-02,
9.27734375e-02,
9.27734375e-02,
9.30175781e-02,
9.30175781e-02,
9.30175781e-02,
9.30175781e-02,
9.30175781e-02,
9.30175781e-02,
9.30175781e-02,
9.30175781e-02,
9.30175781e-02,
9.30175781e-02,
9.30175781e-02,
9.32617188e-02,
9.32617188e-02,
9.32617188e-02,
9.32617188e-02,
9.32617188e-02,
9.32617188e-02,
9.32617188e-02,
9.32617188e-02,
9.32617188e-02,
9.32617188e-02,
9.32617188e-02,
9.35058594e-02,
9.35058594e-02,
9.35058594e-02,
9.35058594e-02,
9.35058594e-02,
9.35058594e-02,
9.35058594e-02,
9.35058594e-02,
9.35058594e-02,
9.35058594e-02,
9.35058594e-02,
9.35058594e-02,
9.35058594e-02,
9.37500000e-02,
9.37500000e-02,
9.37500000e-02,
9.37500000e-02,
9.37500000e-02,
9.37500000e-02,
9.37500000e-02,
9.37500000e-02,
9.37500000e-02,
9.37500000e-02,
9.37500000e-02,
9.37500000e-02,
9.37500000e-02,
9.39941406e-02,
9.39941406e-02,
9.39941406e-02,
9.39941406e-02,
9.39941406e-02,
9.39941406e-02,
9.39941406e-02,
9.39941406e-02,
9.39941406e-02,
9.39941406e-02,
9.39941406e-02,
9.39941406e-02,
9.42382813e-02,
9.42382813e-02,
9.42382813e-02,
9.42382813e-02,
9.42382813e-02,
9.42382813e-02,
9.42382813e-02,
9.42382813e-02,
9.42382813e-02,
9.42382813e-02,
9.42382813e-02,
9.42382813e-02,
9.42382813e-02,
9.42382813e-02,
9.44824219e-02,
9.44824219e-02,
9.44824219e-02,
9.44824219e-02,
9.44824219e-02,
9.44824219e-02,
9.44824219e-02,
9.44824219e-02,
9.44824219e-02,
9.44824219e-02,
9.44824219e-02,
9.44824219e-02,
9.44824219e-02,
9.44824219e-02,
9.44824219e-02,
9.47265625e-02,
9.47265625e-02,
9.47265625e-02,
9.47265625e-02,
9.47265625e-02,
9.47265625e-02,
9.47265625e-02,
9.47265625e-02,
9.47265625e-02,
9.47265625e-02,
9.47265625e-02,
9.47265625e-02,
9.47265625e-02,
9.47265625e-02,
9.47265625e-02,
9.49707031e-02,
9.49707031e-02,
9.49707031e-02,
9.49707031e-02,
9.49707031e-02,
9.49707031e-02,
9.49707031e-02,
9.49707031e-02,
9.49707031e-02,
9.49707031e-02,
9.49707031e-02,
9.49707031e-02,
9.49707031e-02,
9.49707031e-02,
9.49707031e-02,
9.52148438e-02,
9.52148438e-02,
9.52148438e-02,
9.52148438e-02,
9.52148438e-02,
9.52148438e-02,
9.52148438e-02,
9.52148438e-02,
9.52148438e-02,
9.52148438e-02,
9.52148438e-02,
9.52148438e-02,
9.52148438e-02,
9.52148438e-02,
9.52148438e-02,
9.52148438e-02,
9.52148438e-02,
9.54589844e-02,
9.54589844e-02,
9.54589844e-02,
9.54589844e-02,
9.54589844e-02,
9.54589844e-02,
9.54589844e-02,
9.54589844e-02,
9.54589844e-02,
9.54589844e-02,
9.54589844e-02,
9.54589844e-02,
9.54589844e-02,
9.54589844e-02,
9.54589844e-02,
9.54589844e-02,
9.54589844e-02,
9.57031250e-02,
9.57031250e-02,
9.57031250e-02,
9.57031250e-02,
9.57031250e-02,
9.57031250e-02,
9.57031250e-02,
9.57031250e-02,
9.57031250e-02,
9.57031250e-02,
9.57031250e-02,
9.57031250e-02,
9.57031250e-02,
9.57031250e-02,
9.57031250e-02,
9.57031250e-02,
9.57031250e-02,
9.57031250e-02,
9.57031250e-02,
9.59472656e-02,
9.59472656e-02,
9.59472656e-02,
9.59472656e-02,
9.59472656e-02,
9.59472656e-02,
9.59472656e-02,
9.59472656e-02,
9.59472656e-02,
9.59472656e-02,
9.59472656e-02,
9.59472656e-02,
9.59472656e-02,
9.59472656e-02,
9.59472656e-02,
9.59472656e-02,
9.59472656e-02,
9.59472656e-02,
9.59472656e-02,
9.61914063e-02,
9.61914063e-02,
9.61914063e-02,
9.61914063e-02,
9.61914063e-02,
9.61914063e-02,
9.61914063e-02,
9.61914063e-02,
9.61914063e-02,
9.61914063e-02,
9.61914063e-02,
9.61914063e-02,
9.61914063e-02,
9.61914063e-02,
9.61914063e-02,
9.61914063e-02,
9.61914063e-02,
9.61914063e-02,
9.61914063e-02,
9.61914063e-02,
9.61914063e-02,
9.64355469e-02,
9.64355469e-02,
9.64355469e-02,
9.64355469e-02,
9.64355469e-02,
9.64355469e-02,
9.64355469e-02,
9.64355469e-02,
9.64355469e-02,
9.64355469e-02,
9.64355469e-02,
9.64355469e-02,
9.64355469e-02,
9.64355469e-02,
9.64355469e-02,
9.64355469e-02,
9.64355469e-02,
9.64355469e-02,
9.64355469e-02,
9.64355469e-02,
9.64355469e-02,
9.64355469e-02,
9.66796875e-02,
9.66796875e-02,
9.66796875e-02,
9.66796875e-02,