/*
    A DCL_runPIDSeries example with the 
    following controller parameters: 
    .Kp  = 1.8540138247,
    .Ki  = 0.0081723506,
    .Kd  = 0.0f,
    .Kr  = 1.0f,
    .Umax = 1.0f,
    .Umin = -1.0f,
*/
0.000000,
0.000000,
0.000000,
0.000000,
0.000000,
0.000000,
0.000000,
0.000000,
0.000000,
0.000000,
0.000000,
0.000000,
0.000000,
0.000000,
0.000000,
0.000000,
0.000000,
0.000000,
0.000000,
0.000000,
0.000000,
0.000000,
0.000000,
0.000000,
0.000000,
0.000000,
0.000000,
0.000000,
0.000000,
0.000000,
0.000000,
0.000000,
0.000000,
0.000000,
0.000000,
0.000000,
0.000000,
0.000000,
0.000000,
0.000000,
0.000000,
0.000000,
0.000000,
0.000000,
0.000000,
0.000000,
0.000000,
0.000000,
0.000000,
0.000000,
0.000000,
0.000000,
0.000000,
0.000000,
0.000000,
0.000000,
0.000000,
0.000000,
0.000000,
0.000000,
0.000000,
0.000000,
0.000000,
0.000000,
0.000000,
0.000000,
0.000000,
0.000000,
0.000000,
0.000000,
0.000000,
0.000000,
0.000000,
0.000000,
0.000000,
0.000000,
0.000000,
0.000000,
0.000000,
0.000000,
0.000000,
0.000000,
0.000000,
0.000000,
0.000000,
0.000000,
0.000000,
0.000000,
0.000000,
0.000000,
0.000000,
0.000000,
0.000000,
0.000000,
0.000000,
0.000000,
0.000000,
0.000000,
0.000000,
0.000000,
0.000000,
0.000000,
0.000000,
0.000000,
0.000000,
0.000000,
0.000000,
0.000000,
0.000000,
0.000000,
0.000000,
0.000000,
0.000000,
0.000000,
0.000000,
0.000000,
0.000000,
0.000000,
0.000000,
0.000000,
0.000000,
0.000000,
0.000000,
0.000000,
0.000000,
0.000000,
0.000000,
0.000000,
0.000000,
0.000000,
0.000000,
0.000000,
0.000000,
0.000000,
0.000000,
0.000000,
0.000000,
0.000000,
0.000000,
0.000000,
0.000000,
0.000000,
0.000000,
0.000000,
0.000000,
0.000000,
0.000000,
0.000000,
0.000000,
0.000000,
0.000000,
0.000000,
0.000000,
0.000000,
0.000000,
0.000000,
0.000000,
0.000000,
0.000000,
0.000000,
0.827106,
0.913250,
1.000038,
1.087470,
1.175546,
1.264266,
1.353630,
1.443637,
1.462355,
1.374492,
1.352160,
1.238194,
1.150122,
1.041125,
0.915525,
0.771820,
0.645133,
0.498231,
0.370526,
0.296464,
0.171176,
0.074701,
0.037345,
-0.008843,
-0.019750,
-0.032185,
-0.005330,
-0.011332,
0.063084,
0.105327,
0.161596,
0.191614,
0.269095,
0.318191,
0.380705,
0.416644,
0.427534,
0.445916,
0.468342,
0.459487,
0.419875,
0.417646,
0.376639,
0.301769,
0.296407,
0.175975,
0.166029,
0.107571,
0.014936,
-0.009594,
-0.078546,
-0.110936,
-0.148443,
-0.150361,
-0.189513,
-0.189190,
-0.190338,
-0.152093,
-0.183007,
-0.097919,
-0.122429,
-0.061563,
-0.037883,
0.031227,
0.032476,
0.079653,
0.091649,
0.146135,
0.130144,
0.157189,
0.181920,
0.173546,
0.167806,
0.160409,
0.187583,
0.140832,
0.132908,
0.118295,
0.065971,
0.083379,
0.057417,
0.069139,
0.040900,
0.013748,
0.018742,
0.019885,
0.021276,
0.022440,
0.023433,
0.060214,
0.060508,
0.064992,
0.105009,
0.108809,
0.117013,
0.125006,
0.169275,
0.177495,
0.190350,
0.203220,
0.216630,
0.194557,
0.209290,
0.220143,
0.195784,
0.207958,
0.216049,
0.188709,
0.161717,
0.202697,
0.131376,
0.173051,
0.133020,
0.170038,
0.129433,
0.093466,
0.124470,
0.150674,
0.108544,
0.105938,
0.134102,
0.125835,
0.121243,
0.151720,
0.145515,
0.143238,
0.140277,
0.173117,
0.133458,
0.170223,
0.165835,
0.166123,
0.165874,
0.165683,
0.165481,
0.165276,
0.165067,
0.164854,
0.164638,
0.128450,
0.164533,
0.123966,
0.160292,
0.119439,
0.119574,
0.150762,
0.109983,
0.109591,
0.104353,
0.135375,
0.093830,
0.128707,
0.122415,
0.084820,
0.118950,
0.148412,
0.110201,
0.112127,
0.145438,
0.106976,
0.145086,
0.142257,
0.144309,
0.110070,
0.148373,
0.146199,
0.112891,
0.151543,
0.149788,
0.116897,
0.120002,
0.154975,
0.118138,
0.121922,
0.121085,
0.156738,
0.120055,
0.124057,
0.123431,
0.123330,
0.123169,
0.123014,
0.122858,
0.122701,
0.122544,
0.122386,
0.122227,
0.122068,
0.121908,
0.121747,
0.157555,
0.121085,
0.125296,
0.124881,
0.124993,
0.161014,
0.124769,
0.129203,
0.164982,
0.129014,
0.133670,
0.133710,
0.134279,
0.134793,
0.135318,
0.135846,
0.136378,
0.136914,
0.137455,
0.137999,
0.102580,
0.139440,
0.135624,
0.136436,
0.136725,
0.137076,
0.101456,
0.138112,
0.134092,
0.134698,
0.134780,
0.134922,
0.135058,
0.135196,
0.135335,
0.135475,
0.135616,
0.135758,
0.135900,
0.136044,
0.136189,
0.136334,
0.136481,
0.136628,
0.136776,
0.136926,
0.137076,
0.137227,
0.101410,
0.137872,
0.133653,
0.134059,
0.133939,
0.133878,
0.133809,
0.133741,
0.133672,
0.133602,
0.133532,
0.133461,
0.133389,
0.133317,
0.133244,
0.133171,
0.133097,
0.133022,
0.132947,
0.132871,
0.132794,
0.132717,
0.132639,
0.132561,
0.132482,
0.132402,
0.132322,
0.132241,
0.132159,
0.132077,
0.131994,
0.131910,
0.131826,
0.131742,
0.131656,
0.131570,
0.131483,
0.131396,
0.131308,
0.131220,
0.131131,
0.131041,
0.130950,
0.130859,
0.130768,
0.130675,
0.130582,
0.130489,
0.130395,
0.130300,
0.130204,
0.130108,
0.130012,
0.165883,
0.129477,
0.133751,
0.133401,
0.133577,
0.133694,
0.133819,
0.133945,
0.134071,
0.134198,
0.134327,
0.134456,
0.134586,
0.098748,
0.135189,
0.130948,
0.131334,
0.131192,
0.131110,
0.131021,
0.130931,
0.130841,
0.130751,
0.130659,
0.130567,
0.130475,
0.130381,
0.166256,
0.129853,
0.134131,
0.133784,
0.133964,
0.134085,
0.134213,
0.134342,
0.134472,
0.134603,
0.134734,
0.134867,
0.135000,
0.135135,
0.135270,
0.099438,
0.135884,
0.131649,
0.132040,
0.131904,
0.131827,
0.131743,
0.131659,
0.131574,
0.131489,
0.131403,
0.131316,
0.131229,
0.131141,
0.131052,
0.130963,
0.130873,
0.166752,
0.130352,
0.134634,
0.134290,
0.134473,
0.134597,
0.134729,
0.134862,
0.134995,
0.135129,
0.135264,
0.099432,
0.135877,
0.131642,
0.132032,
0.131896,
0.131819,
0.131734,
0.131650,
0.131565,
0.131479,
0.131393,
0.131306,
0.131218,
0.131130,
0.131041,
0.130952,
0.130862,
0.130771,
0.130680,
0.166556,
0.130156,
0.134435,
0.134090,
0.134272,
0.134394,
0.134525,
0.134656,
0.134787,
0.134920,
0.135054,
0.135188,
0.099355,
0.135800,
0.131564,
0.131954,
0.131817,
0.131739,
0.131654,
0.131569,
0.131483,
0.131397,
0.131310,
0.131222,
0.131134,
0.131045,
0.130956,
0.130866,
0.130775,
0.130684,
0.166560,
0.130159,
0.134439,
0.134094,
0.134275,
0.134398,
0.134529,
0.134659,
0.134791,
0.134924,
0.135057,
0.135192,
0.099359,
0.135803,
0.131568,
0.131957,
0.131820,
0.131743,
0.131658,
0.131573,
0.131487,
0.131401,
0.131314,
0.131226,
0.131138,
0.131049,
0.130960,
0.130869,
0.130779,
0.130687,
0.166564,
0.130163,
0.134443,
0.134098,
0.134279,
0.134402,
0.134533,
0.134663,
0.134795,
0.134928,
0.135061,
0.135196,
0.099363,
0.135807,
0.131571,
0.131961,
0.131824,
0.131747,
0.131661,
0.131576,
0.131491,
0.131404,
0.131317,
0.131230,
0.131142,
0.131053,
0.130963,
0.130873,
0.130783,
0.130691,
0.166568,
0.130167,
0.134447,
0.134102,
0.134283,
0.134406,
0.134536,
0.134667,
0.134799,
0.134931,
0.135065,
0.135200,
0.099366,
0.135811,
0.131575,
0.131965,
0.131828,
0.131751,
0.131665,
0.131580,
0.131495,
0.131408,
0.131321,
0.131234,
0.131146,
0.131057,
0.130967,
0.130877,
0.130786,
0.130695,
0.166572,
0.130171,
0.134451,
0.134105,
0.134287,
0.134410,
0.134540,
0.134671,
0.134803,
0.134935,
0.135069,
0.135204,
0.099370,
0.135815,
0.131579,
0.131969,
0.131832,
0.131754,
0.131669,
0.131584,
0.131499,
0.131412,
0.131325,
0.131238,
0.131150,
0.131061,
0.130971,
0.130881,
0.130790,
0.130699,
0.166576,
0.130175,
0.134455,
0.134109,
0.134291,
0.134414,
0.134544,
0.134675,
0.134807,
0.134939,
0.135073,
0.135207,
0.099374,
0.135819,
0.131583,
0.131973,
0.131836,
0.131758,
0.131673,
0.131588,
0.131503,
0.131416,
0.131329,
0.131242,
0.131154,
0.131065,
0.130975,
0.130885,
0.130794,
0.130703,
0.166580,
0.130179,
0.134459,
0.134113,
0.134295,
0.134418,
0.134548,
0.134679,
0.134811,
0.134943,
0.135077,
0.135211,
0.099378,
0.135823,
0.131587,
0.131977,
0.131840,
0.131762,
0.131677,
0.131592,
0.131507,
0.131420,
0.131333,
0.131246,
0.131158,
0.131069,
0.130979,
0.130889,
0.130798,
0.130707,
0.166584,
0.130183,
0.134463,
0.134117,
0.134299,
0.134422,
0.134552,
0.134683,
0.134815,
0.134947,
0.135081,
0.135216,
0.099382,
0.135827,
0.131591,
0.131981,
0.131844,
0.131766,
0.131681,
0.131596,
0.131511,
0.131424,
0.131337,
0.131250,
0.131162,
0.131073,
0.130983,
0.130893,
0.130803,
0.130711,
0.166588,
0.130187,
0.134467,
0.134122,
0.134303,
0.134426,
0.134556,
0.134687,
0.134819,
0.134951,
0.135085,
0.135220,
0.099386,
0.135831,
0.131595,
0.131985,
0.131848,
0.131771,
0.131685,
-0.695505,
-0.781735,
-0.868610,
-0.956128,
-1.044292,
-1.133100,
-1.222553,
-1.312650,
-1.295489,
-1.279993,
-1.181105,
-1.108161,
-1.015283,
-0.906688,
-0.780897,
-0.637069,
-0.510248,
-0.363213,
-0.271342,
-0.124871,
-0.040127,
0.025141,
0.098415,
0.140427,
0.151716,
0.164016,
0.137082,
0.143000,
0.068496,
0.026168,
-0.030187,
-0.060292,
-0.137863,
-0.187046,
-0.249649,
-0.285678,
-0.296660,
-0.315133,
-0.337647,
-0.292919,
-0.325675,
-0.282860,
-0.210602,
-0.207577,
-0.125719,
-0.082274,
0.004752,
0.022124,
0.119570,
0.143696,
0.212835,
0.245349,
0.282985,
0.285036,
0.324317,
0.324128,
0.289442,
0.323605,
0.278010,
0.269955,
0.217427,
0.197688,
0.169240,
0.100579,
0.099185,
0.051930,
0.039847,
-0.014724,
0.001179,
-0.025953,
-0.050772,
-0.042488,
-0.036837,
-0.029530,
-0.020829,
-0.010475,
0.001731,
0.015999,
0.032539,
0.051562,
0.073281,
0.097911,
0.089700,
0.121141,
0.115805,
0.114845,
0.113582,
0.112551,
0.075724,
0.111352,
0.070514,
0.034824,
0.066692,
0.022408,
-0.017008,
0.010920,
-0.037526,
-0.045361,
-0.058353,
-0.071298,
-0.084793,
-0.062805,
-0.077620,
-0.088561,
-0.064287,
-0.076548,
-0.084726,
-0.057473,
-0.030570,
-0.035672,
-0.036716,
-0.037799,
-0.002486,
-0.003100,
0.001048,
0.005336,
0.010294,
0.015868,
0.022070,
-0.007065,
0.036709,
0.004478,
-0.022145,
0.019256,
-0.015025,
-0.008001,
-0.041399,
-0.001772,
-0.038632,
-0.034331,
-0.034708,
-0.034549,
-0.034448,
-0.034337,
-0.034223,
-0.034106,
-0.033986,
-0.033863,
-0.033736,
0.002361,
-0.033814,
0.006663,
0.006211,
0.010662,
-0.021160,
0.019580,
0.019861,
0.024999,
0.029840,
-0.000994,
0.040672,
0.005927,
0.012350,
0.014111,
0.016420,
0.018687,
0.020978,
-0.012682,
0.025950,
-0.012049,
-0.009099,
-0.011032,
0.023330,
-0.014850,
-0.012552,
-0.015089,
0.018658,
-0.020141,
0.017502,
-0.021970,
0.015518,
-0.024170,
0.013107,
0.009173,
0.009928,
0.010152,
0.010438,
0.010718,
0.011001,
0.011286,
0.011572,
0.011859,
0.012148,
0.012439,
0.012731,
0.013025,
0.013320,
-0.022350,
0.014255,
0.010183,
0.010736,
-0.025205,
0.011189,
0.006896,
-0.028739,
0.007373,
0.002863,
-0.032998,
0.002886,
-0.001853,
-0.001977,
-0.002631,
-0.003230,
-0.003841,
-0.004456,
-0.005075,
-0.005700,
0.029639,
-0.007302,
-0.003567,
-0.004461,
-0.004833,
0.030700,
-0.006038,
-0.002100,
-0.002789,
-0.002954,
-0.003181,
0.032566,
-0.003965,
0.000184,
-0.000294,
-0.000246,
-0.000258,
-0.000263,
-0.000269,
-0.000274,
-0.036247,
0.000054,
-0.004325,
-0.004079,
-0.004361,
-0.004584,
-0.004816,
-0.005049,
-0.005283,
-0.005519,
-0.005757,
0.029972,
-0.006576,
-0.002445,
-0.002940,
-0.002910,
-0.002939,
0.033006,
-0.003323,
0.001027,
0.000752,
0.001005,
0.001200,
0.001404,
0.001608,
0.001814,
0.002021,
0.002230,
0.002440,
0.002653,
-0.033101,
0.003421,
-0.000735,
-0.000265,
-0.000322,
-0.000318,
-0.000321,
-0.000324,
-0.000326,
-0.000329,
-0.000331,
-0.000334,
-0.000336,
-0.000339,
-0.000341,
-0.000344,
-0.000346,
-0.000349,
-0.000351,
-0.000354,
-0.000356,
-0.000359,
-0.000361,
-0.000364,
-0.000366,
0.035599,
-0.000711,
0.003660,
0.003406,
0.003680,
0.003895,
0.004119,
0.004343,
-0.031398,
0.005137,
0.000993,
0.001476,
0.001432,
0.001448,
-0.034510,
0.001807,
-0.002556,
-0.002294,
-0.002560,
-0.002768,
-0.002984,
-0.003201,
-0.003420,
0.032327,
-0.004201,
-0.000052,
-0.000528,
-0.000478,
-0.000489,
-0.000492,
0.035471,
-0.000840,
0.003529,
0.003274,
0.003546,
0.003760,
0.003982,
-0.031763,
0.004769,
0.000622,
0.001101,
0.001055,
0.001068,
-0.034893,
0.001420,
-0.002946,
-0.002687,
-0.002956,
-0.003167,
-0.003387,
-0.003607,
-0.003829,
0.031915,
-0.004616,
-0.000470,
-0.000949,
-0.000903,
-0.000916,
0.035045,
-0.001270,
0.003096,
0.002838,
0.003106,
0.003317,
0.003536,
0.003756,
0.003978,
-0.031767,
0.004765,
0.000618,
0.001097,
0.001050,
0.001064,
-0.034898,
0.001416,
-0.002950,
-0.002691,
-0.002961,
-0.003172,
-0.003391,
-0.003611,
-0.003833,
0.031911,
-0.004621,
-0.000474,
-0.000954,
-0.000907,
-0.000920,
0.035040,
-0.001274,
0.003092,
0.002833,
0.003102,
0.003313,
0.003532,
0.003752,
0.003973,
-0.031771,
0.004761,
0.000614,
0.001093,
0.001046,
0.001059,
-0.034902,
0.001412,
-0.002954,
-0.002696,
-0.002965,
-0.003176,
-0.003395,
-0.003615,
-0.003837,
0.031907,
-0.004625,
-0.000478,
-0.000958,
-0.000911,
-0.000925,
0.035036,
-0.001278,
0.003088,
0.002829,
0.003098,
0.003309,
0.003528,
0.003748,
0.003969,
-0.031775,
0.004757,
0.000610,
0.001089,
0.001042,
0.001055,
-0.034906,
0.001408,
-0.002958,
-0.002700,
-0.002969,
-0.003180,
-0.003399,
-0.003619,
-0.003841,
0.031903,
-0.004629,
-0.000482,
-0.000962,
-0.000915,
-0.000929,
0.035032,
-0.001282,
0.003084,
0.002825,
0.003094,
0.003305,
0.003524,
0.003744,
0.003965,
-0.031779,
0.004752,
0.000606,
0.001085,
0.001038,
0.001051,
-0.034910,
0.001404,
-0.002962,
-0.002704,
-0.002973,
-0.003184,
-0.003403,
-0.003623,
-0.003845,
0.031899,
-0.004633,
-0.000486,
-0.000966,
-0.000919,
-0.000933,
0.035028,
-0.001286,
0.003080,
0.002821,
0.003090,
0.003301,
0.003520,
0.003740,
0.003961,
-0.031783,
0.004748,
0.000601,
0.001081,
0.001034,
0.001047,
-0.034914,
0.001400,
-0.002966,
-0.002708,
-0.002977,
-0.003188,
-0.003407,
-0.003628,
-0.003849,
0.031895,
-0.004637,
-0.000491,
-0.000970,
-0.000924,
-0.000937,
0.035024,
-0.001290,
0.003076,
0.002817,
0.003086,
0.003296,
0.003516,
0.003735,
0.003957,
-0.031787,
0.004744,
0.000597,
0.001077,
0.001030,
0.001043,
-0.034918,
0.001396,
-0.002971,
-0.002712,
-0.002981,
-0.003192,
-0.003412,
-0.003632,
-0.003853,
0.031891,
-0.004641,
-0.000495,
-0.000974,
-0.000928,
-0.000941,
0.035020,
-0.001294,
0.003071,
0.002813,
0.003082,
0.003292,
0.003511,
0.003731,
0.003953,
-0.031792,
0.004740,
0.000593,
0.001072,
0.001026,
0.001039,
-0.034922,
0.001391,
-0.002975,
-0.002716,
-0.002985,
-0.003196,
-0.003416,
-0.003636,
-0.003858,
0.031886,
-0.004645,
-0.000499,
-0.000978,
-0.000932,
-0.000945,
0.035016,
-0.001299,
0.003067,
0.002809,
0.003078,
0.003288,
0.003507,
0.003727,
0.003949,
-0.031796,
0.004736,
0.000589,
0.001068,
0.001022,
0.001035,
-0.034927,
0.001387,
-0.002979,
-0.002720,
-0.002990,
-0.003200,
-0.003420,
-0.003640,
-0.003862,
0.031882,
-0.004649,
-0.000503,
-0.000983,
-0.000936,
-0.000949,
0.035011,
-0.001303,
0.003063,
0.002804,
0.003073,
0.003284,
0.003503,
0.003723,
0.003944,
-0.031800,
0.004732,
0.000585,
0.001064,
0.001017,
0.001030,
-0.034931,
0.001383,
-0.002983,
-0.002724,
-0.002994,
-0.003205,
-0.003424,
-0.003644,
-0.003866,
0.031878,
-0.004654,
-0.000507,
-0.000987,
-0.000940,
-0.000953,
0.035007,
-0.001307,
0.003059,
0.002800,
0.003069,
0.003280,
0.003499,
0.003719,
0.003940,
-0.031804,
0.004728,
0.000581,
0.001060,
0.001013,
0.001026,
-0.034935,
0.001379,
-0.002987,
-0.002729,
-0.002998,
-0.003209,
-0.003428,
-0.003648,
-0.003870,
0.031874,
-0.004658,
-0.000511,
-0.000991,
-0.000944,
-0.000958,
0.035003,
-0.001311,
0.003055,
0.002796,
0.003065,
0.003276,
0.003495,
0.003715,
0.003936,
-0.031808,
0.004723,
0.000577,
0.001056,
0.001009,
0.001022,
-0.034939,
0.001375,
-0.002991,
-0.002733,
-0.003002,
-0.003213,
-0.003432,
-0.003652,
-0.003874,
0.031870,
-0.004662,
-0.000515,
-0.000995,
-0.000948,
-0.000962,
0.034999,
-0.001315,
0.003051,
0.002792,
0.003061,
0.003272,
0.003491,
0.003711,
0.003932,
-0.031812,
0.004719,
0.000572,
0.001052,
0.001005,
0.001018,
-0.034943,
0.001371,
-0.002995,
-0.002737,
-0.003006,
-0.003217,
-0.003436,
-0.003656,
-0.003878,
0.031866,
-0.004666,
-0.000519,
-0.000999,
-0.000953,
-0.000966,
0.034995,
-0.001319,
0.003047,
0.002788,
0.003057,
0.003268,
0.003487,
0.003706,
0.003928,
-0.031816,
0.004715,
0.000568,
0.001048,
0.001001,
0.001014,
-0.034947,
0.001367,
-0.002999,
-0.002741,
-0.003010,
-0.003221,
-0.003440,
-0.003661,
-0.003882,
0.031862,
-0.004670,
-0.000524,
-0.001003,
-0.000957,
-0.000970,
0.034991,
-0.001323,
0.003043,
0.002784,
0.003053,
0.003263,
0.003482,
0.003702,
0.003924,
-0.031820,
0.004711,
0.000564,
0.001044,
0.000997,
0.001010,
-0.034951,
0.001363,
-0.003004,
-0.002745,
-0.003014,
-0.003225,
-0.003445,
-0.003665,
-0.003887,
0.031857,
-0.004674,
-0.000528,
-0.001007,
-0.000961,
-0.000974,
0.034987,
-0.001327,
0.003038,
0.002780,
0.003049,
0.003259,
0.003478,
0.003698,
0.003920,
-0.031825,
0.004707,
0.000560,
0.001039,
0.000993,
0.001006,
-0.034955,
0.001358,
-0.003008,
-0.002749,
-0.003018,
-0.003229,
-0.003449,
-0.003669,
-0.003891,
0.031853,
-0.004678,
-0.000532,
-0.001011,
-0.000965,
-0.000978,
0.034983,
-0.001332,
0.003034,
0.002776,
0.003044,
0.003255,
0.003474,
0.003694,
0.003916,
-0.031829,
0.004703,
0.000556
