/*
    A DCL_runDF13 example with the 
    following controller parameters: 
    .a1 = -1.7284895037f,
    .a2 = 0.7284895037f,
    .a3 = 0.0000000000f,
    .b0 = 4.8280130584f,
    .b1 = 0.1493277469f,
    .b2 = -4.6786792593f,
    .b3 = 0.0000000000f,
*/
0.000000,
0.000000,
0.000000,
0.000000,
0.000000,
0.000000,
0.000000,
0.000000,
0.000000,
0.000000,
0.000000,
0.000000,
0.000000,
0.000000,
0.000000,
0.000000,
0.000000,
0.000000,
0.000000,
0.000000,
0.000000,
0.000000,
0.000000,
0.000000,
0.000000,
0.000000,
0.000000,
0.000000,
0.000000,
0.000000,
0.000000,
0.000000,
0.000000,
0.000000,
0.000000,
0.000000,
0.000000,
0.000000,
0.000000,
0.000000,
0.000000,
0.000000,
0.000000,
0.000000,
0.000000,
0.000000,
0.000000,
0.000000,
0.000000,
0.000000,
0.000000,
0.000000,
0.000000,
0.000000,
0.000000,
0.000000,
0.000000,
0.000000,
0.000000,
0.000000,
0.000000,
0.000000,
0.000000,
0.000000,
0.000000,
0.000000,
0.000000,
0.000000,
0.000000,
0.000000,
0.000000,
0.000000,
0.000000,
0.000000,
0.000000,
0.000000,
0.000000,
0.000000,
0.000000,
0.000000,
0.000000,
0.000000,
0.000000,
0.000000,
0.000000,
0.000000,
0.000000,
0.000000,
0.000000,
0.000000,
0.000000,
0.000000,
0.000000,
0.000000,
0.000000,
0.000000,
0.000000,
0.000000,
0.000000,
0.000000,
0.000000,
0.000000,
0.000000,
0.000000,
0.000000,
0.000000,
0.000000,
0.000000,
0.000000,
0.000000,
0.000000,
0.000000,
0.000000,
0.000000,
0.000000,
0.000000,
0.000000,
0.000000,
0.000000,
0.000000,
0.000000,
0.000000,
0.000000,
0.000000,
0.000000,
0.000000,
0.000000,
0.000000,
0.000000,
0.000000,
0.000000,
0.000000,
0.000000,
0.000000,
0.000000,
0.000000,
0.000000,
0.000000,
0.000000,
0.000000,
0.000000,
0.000000,
0.000000,
0.000000,
0.000000,
0.000000,
0.000000,
0.000000,
0.000000,
0.000000,
0.000000,
0.000000,
0.000000,
0.000000,
0.000000,
0.000000,
0.000000,
0.000000,
0.000000,
0.000000,
0.482801,
1.332251,
1.979754,
2.478925,
2.869965,
3.180981,
3.433592,
3.642367,
3.817883,
3.968987,
4.100948,
4.218743,
4.324822,
4.420931,
4.510665,
4.594320,
4.672078,
4.746388,
4.816718,
4.882641,
4.946167,
5.007620,
5.066056,
5.120749,
5.172317,
5.222383,
5.269814,
5.314924,
5.357942,
5.399034,
5.438323,
5.475897,
5.511821,
5.544962,
5.576819,
5.607338,
5.635303,
5.662148,
5.687777,
5.710940,
5.733047,
5.753985,
5.772491,
5.789967,
5.806291,
5.821376,
5.835156,
5.847585,
5.859807,
5.870335,
5.879228,
5.887708,
5.895522,
5.902486,
5.908468,
5.913368,
5.917116,
5.919660,
5.922141,
5.924249,
5.924577,
5.924423,
5.923590,
5.921935,
5.920530,
5.919016,
5.917132,
5.914685,
5.911538,
5.907588,
5.902762,
5.898185,
5.893533,
5.887394,
5.881058,
5.875502,
5.869117,
5.861873,
5.854927,
5.847979,
5.840810,
5.833263,
5.826399,
5.819852,
5.812173,
5.804631,
5.797005,
5.789135,
5.782085,
5.774307,
5.765817,
5.757804,
5.749994,
5.742186,
5.734232,
5.726027,
5.718672,
5.711828,
5.704066,
5.696670,
5.689430,
5.682195,
5.674854,
5.667327,
5.660733,
5.653568,
5.645876,
5.638871,
5.632293,
5.625952,
5.619712,
5.613472,
5.607160,
5.600722,
5.595298,
5.590576,
5.585151,
5.580319,
5.575883,
5.570520,
5.565588,
5.560932,
5.556442,
5.552036,
5.547655,
5.543256,
5.538807,
5.535464,
5.532927,
5.529797,
5.526200,
5.523404,
5.521192,
5.518227,
5.514676,
5.511841,
5.509528,
5.507596,
5.505939,
5.504485,
5.503177,
5.501977,
5.499676,
5.496538,
5.493930,
5.491710,
5.489771,
5.488039,
5.487635,
5.488235,
5.488425,
5.488316,
5.487988,
5.487500,
5.486897,
5.486210,
5.485461,
5.484668,
5.483842,
5.482993,
5.482126,
5.481247,
5.480358,
5.480641,
5.481814,
5.482493,
5.482814,
5.482872,
5.482740,
5.482468,
5.482095,
5.481649,
5.481149,
5.480609,
5.480041,
5.479452,
5.478848,
5.478233,
5.477610,
5.478160,
5.479601,
5.480549,
5.481137,
5.481463,
5.481600,
5.481597,
5.481493,
5.481315,
5.481083,
5.480812,
5.479334,
5.476940,
5.475022,
5.473450,
5.472129,
5.470993,
5.469989,
5.469083,
5.468248,
5.467464,
5.466717,
5.465998,
5.465300,
5.463438,
5.460691,
5.458444,
5.456559,
5.454937,
5.453508,
5.452220,
5.451033,
5.448741,
5.445609,
5.443006,
5.440789,
5.438854,
5.435944,
5.432289,
5.429232,
5.426612,
5.424309,
5.421060,
5.417084,
5.413721,
5.410803,
5.408211,
5.404678,
5.400423,
5.396783,
5.393591,
5.389548,
5.384848,
5.380812,
5.377259,
5.372880,
5.367862,
5.363522,
5.359674,
5.355008,
5.349708,
5.345089,
5.340967,
5.336027,
5.330455,
5.325565,
5.321171,
5.315961,
5.310119,
5.304959,
5.300296,
5.294816,
5.288705,
5.283276,
5.277165,
5.270521,
5.264630,
5.259289,
5.253170,
5.246448,
5.240427,
5.234919,
5.228605,
5.221667,
5.215417,
5.209668,
5.203106,
5.195914,
5.189406,
5.183395,
5.176569,
5.169113,
5.162340,
5.156063,
5.148970,
5.141246,
5.134204,
5.127660,
5.120298,
5.112306,
5.104996,
5.098184,
5.090556,
5.082295,
5.074718,
5.067637,
5.060919,
5.053286,
5.044949,
5.037242,
5.029994,
5.023081,
5.015234,
5.006668,
4.998721,
4.991226,
4.984060,
4.977134,
4.969203,
4.960504,
4.952388,
4.944697,
4.937315,
4.930158,
4.923165,
4.915113,
4.906252,
4.897945,
4.890042,
4.882432,
4.875036,
4.867796,
4.859491,
4.850375,
4.841808,
4.833642,
4.825767,
4.818105,
4.810598,
4.803204,
4.795893,
4.788642,
4.780256,
4.771006,
4.762270,
4.753908,
4.745818,
4.737927,
4.730181,
4.722540,
4.714975,
4.707466,
4.699997,
4.692559,
4.685143,
4.677742,
4.670353,
4.662971,
4.654418,
4.644973,
4.636021,
4.627429,
4.619099,
4.610960,
4.602959,
4.595060,
4.587234,
4.579463,
4.571730,
4.564026,
4.556344,
4.548676,
4.541020,
4.533371,
4.525729,
4.518090,
4.510455,
4.502821,
4.495190,
4.487559,
4.479929,
4.472300,
4.464671,
4.457043,
4.449414,
4.441786,
4.434158,
4.427709,
4.422155,
4.416111,
4.409711,
4.403050,
4.396201,
4.389213,
4.382124,
4.374962,
4.367746,
4.360492,
4.353209,
4.345906,
4.338588,
4.331259,
4.323922,
4.316580,
4.309233,
4.301883,
4.294531,
4.287177,
4.279821,
4.273644,
4.268361,
4.262588,
4.256458,
4.250067,
4.243487,
4.236768,
4.229949,
4.223055,
4.216109,
4.209123,
4.202109,
4.195075,
4.188025,
4.180964,
4.175075,
4.170074,
4.164579,
4.158724,
4.152606,
4.146298,
4.139850,
4.133301,
4.126678,
4.120002,
4.113286,
4.106542,
4.099776,
4.092996,
4.087382,
4.082656,
4.077434,
4.071851,
4.066004,
4.059966,
4.053788,
4.047508,
4.041153,
4.034745,
4.028298,
4.021822,
4.015326,
4.009993,
4.005544,
4.000597,
3.995287,
3.989713,
3.983946,
3.978039,
3.972030,
3.965946,
3.959808,
3.953630,
3.947424,
3.942375,
3.938206,
3.933535,
3.928499,
3.923197,
3.917701,
3.912064,
3.906324,
3.900509,
3.894639,
3.888729,
3.882791,
3.878010,
3.874108,
3.869706,
3.864939,
3.859905,
3.854679,
3.849311,
3.843839,
3.838293,
3.832693,
3.827052,
3.821383,
3.816871,
3.813239,
3.809105,
3.804607,
3.799843,
3.794884,
3.789785,
3.784582,
3.779305,
3.773973,
3.768601,
3.764379,
3.761031,
3.757177,
3.752956,
3.748466,
3.743780,
3.738952,
3.734021,
3.729013,
3.723951,
3.718848,
3.713716,
3.709742,
3.706648,
3.703052,
3.699091,
3.694864,
3.690442,
3.685880,
3.681215,
3.676475,
3.671680,
3.666846,
3.661983,
3.658277,
3.655452,
3.652124,
3.648432,
3.644473,
3.640321,
3.636027,
3.631630,
3.627158,
3.622632,
3.618066,
3.613472,
3.610035,
3.607477,
3.604419,
3.600994,
3.597304,
3.593420,
3.589394,
3.585265,
3.581062,
3.576804,
3.572505,
3.568178,
3.563830,
3.560646,
3.558345,
3.555546,
3.552384,
3.548958,
3.545339,
3.541579,
3.537718,
3.533782,
3.529792,
3.525762,
3.521703,
3.518802,
3.516781,
3.514258,
3.511371,
3.508217,
3.504870,
3.501381,
3.497790,
3.494124,
3.490403,
3.486643,
3.482853,
3.479043,
3.476396,
3.474633,
3.472371,
3.469746,
3.466857,
3.463776,
3.460554,
3.457230,
3.453831,
3.450378,
3.446885,
3.443364,
3.439822,
3.437443,
3.435949,
3.433956,
3.431600,
3.428979,
3.426166,
3.423212,
3.420156,
3.417026,
3.413841,
3.410617,
3.407364,
3.404091,
3.401980,
3.400754,
3.399030,
3.396943,
3.394592,
3.392048,
3.389364,
3.386577,
3.383716,
3.380801,
3.377846,
3.374861,
3.371856,
3.368836,
3.366983,
3.366018,
3.364556,
3.362732,
3.360645,
3.358367,
3.355949,
3.353429,
3.350834,
3.348186,
3.345498,
3.342782,
3.340044,
3.337292,
3.335707,
3.335009,
3.333815,
3.332260,
3.330441,
3.328432,
3.326282,
3.324030,
3.321704,
3.319324,
3.316905,
3.314457,
3.311988,
3.309504,
3.307009,
3.305684,
3.305249,
3.304320,
3.303030,
3.301479,
3.299736,
3.297854,
3.295871,
3.293813,
3.291702,
3.289552,
3.287373,
3.285173,
3.282958,
3.280732,
3.278498,
3.277436,
3.277266,
3.276602,
2.792778,
1.942044,
1.293066,
0.792280,
0.399524,
0.086718,
-0.166557,
-0.376318,
-0.554235,
-0.707628,
-0.841795,
-0.960559,
-1.067847,
-1.166519,
-1.257481,
-1.342534,
-1.422991,
-1.498630,
-1.569251,
-1.637032,
-1.702415,
-1.764544,
-1.823939,
-1.879799,
-1.932682,
-1.984174,
-2.033110,
-2.079782,
-2.124405,
-2.167134,
-2.208081,
-2.246151,
-2.281688,
-2.316120,
-2.349347,
-2.380116,
-2.409836,
-2.438390,
-2.464516,
-2.488434,
-2.511486,
-2.533506,
-2.553194,
-2.571925,
-2.589557,
-2.605988,
-2.621142,
-2.634965,
-2.647418,
-2.658471,
-2.669283,
-2.678375,
-2.685814,
-2.692826,
-2.699162,
-2.704642,
-2.709132,
-2.713717,
-2.718042,
-2.720671,
-2.722878,
-2.724451,
-2.725232,
-2.725110,
-2.724001,
-2.723023,
-2.721849,
-2.720242,
-2.718026,
-2.715076,
-2.711300,
-2.706629,
-2.702193,
-2.697675,
-2.692840,
-2.687520,
-2.681592,
-2.676143,
-2.670825,
-2.665384,
-2.659635,
-2.653441,
-2.646706,
-2.639358,
-2.631344,
-2.623804,
-2.616429,
-2.608990,
-2.602502,
-2.595382,
-2.587620,
-2.580385,
-2.573390,
-2.566422,
-2.559330,
-2.552000,
-2.544352,
-2.536326,
-2.529057,
-2.522230,
-2.515617,
-2.509049,
-2.502406,
-2.495597,
-2.488560,
-2.482425,
-2.476874,
-2.470497,
-2.463408,
-2.456872,
-2.450664,
-2.444622,
-2.438629,
-2.433777,
-2.429720,
-2.425027,
-2.419798,
-2.415283,
-2.411253,
-2.406361,
-2.401946,
-2.397842,
-2.393930,
-2.390120,
-2.386348,
-2.382567,
-2.378743,
-2.376031,
-2.372949,
-2.369562,
-2.367094,
-2.364118,
-2.360734,
-2.358196,
-2.356274,
-2.354801,
-2.352475,
-2.349493,
-2.347175,
-2.345340,
-2.343857,
-2.342631,
-2.341593,
-2.340690,
-2.339886,
-2.339154,
-2.338475,
-2.337835,
-2.337222,
-2.336630,
-2.336053,
-2.335486,
-2.334928,
-2.334375,
-2.333826,
-2.333281,
-2.332737,
-2.332195,
-2.331654,
-2.331114,
-2.330575,
-2.330036,
-2.329497,
-2.328959,
-2.328422,
-2.327884,
-2.328526,
-2.330062,
-2.331108,
-2.331797,
-2.332227,
-2.332466,
-2.332568,
-2.332569,
-2.332496,
-2.332371,
-2.332206,
-2.332014,
-2.331801,
-2.331573,
-2.331333,
-2.331086,
-2.330833,
-2.330576,
-2.330316,
-2.330053,
-2.329789,
-2.329523,
-2.329257,
-2.328989,
-2.328722,
-2.328454,
-2.328185,
-2.327916,
-2.327648,
-2.326200,
-2.323858,
-2.322005,
-2.320509,
-2.319274,
-2.318228,
-2.317320,
-2.316513,
-2.315779,
-2.313919,
-2.311203,
-2.309006,
-2.307187,
-2.305644,
-2.304300,
-2.301924,
-2.298760,
-2.296163,
-2.293980,
-2.292098,
-2.290435,
-2.287754,
-2.284293,
-2.281408,
-2.278941,
-2.276780,
-2.273662,
-2.269811,
-2.266568,
-2.263768,
-2.260112,
-2.255796,
-2.252141,
-2.248968,
-2.244968,
-2.240327,
-2.236364,
-2.232893,
-2.228602,
-2.223678,
-2.219434,
-2.215687,
-2.211122,
-2.205925,
-2.201410,
-2.196212,
-2.190482,
-2.185505,
-2.181078,
-2.175872,
-2.170062,
-2.164955,
-2.160359,
-2.154957,
-2.148932,
-2.143595,
-2.137580,
-2.131035,
-2.125246,
-2.120008,
-2.113992,
-2.107374,
-2.101460,
-2.096057,
-2.089849,
-2.083018,
-2.076875,
-2.070054,
-2.062704,
-2.056110,
-2.050066,
-2.043246,
-2.035822,
-2.029101,
-2.022893,
-2.015879,
-2.008242,
-2.001292,
-1.994845,
-1.987584,
-1.979693,
-1.972487,
-1.965779,
-1.958255,
-1.950101,
-1.942630,
-1.935656,
-1.929044,
-1.921517,
-1.913288,
-1.905689,
-1.898549,
-1.890565,
-1.881929,
-1.873961,
-1.866480,
-1.859352,
-1.852483,
-1.844623,
-1.836005,
-1.827976,
-1.820378,
-1.813093,
-1.804857,
-1.795892,
-1.787539,
-1.779630,
-1.772047,
-1.764699,
-1.757523,
-1.749295,
-1.740262,
-1.731786,
-1.723716,
-1.715941,
-1.708381,
-1.700979,
-1.692511,
-1.683232,
-1.674503,
-1.666176,
-1.658140,
-1.650318,
-1.642651,
-1.635096,
-1.627625,
-1.620212,
-1.611665,
-1.602255,
-1.593358,
-1.584835,
-1.576585,
-1.568533,
-1.560626,
-1.552824,
-1.545098,
-1.537429,
-1.529800,
-1.522201,
-1.514624,
-1.507062,
-1.499512,
-1.491970,
-1.483256,
-1.473651,
-1.464539,
-1.455787,
-1.447296,
-1.438996,
-1.430835,
-1.422776,
-1.414790,
-1.406858,
-1.398965,
-1.391100,
-1.383256,
-1.375427,
-1.367610,
-1.359800,
-1.351996,
-1.344197,
-1.336401,
-1.328606,
-1.320814,
-1.313023,
-1.305232,
-1.297443,
-1.289654,
-1.281865,
-1.274076,
-1.266288,
-1.259678,
-1.253964,
-1.247759,
-1.241198,
-1.234377,
-1.227366,
-1.220217,
-1.212967,
-1.205644,
-1.198268,
-1.190853,
-1.183410,
-1.175946,
-1.168467,
-1.160977,
-1.153479,
-1.145975,
-1.138467,
-1.130956,
-1.123442,
-1.115927,
-1.108411,
-1.100894,
-1.094555,
-1.089111,
-1.083176,
-1.076884,
-1.070331,
-1.063589,
-1.056708,
-1.049728,
-1.042673,
-1.035566,
-1.028419,
-1.021244,
-1.014048,
-1.006837,
-0.999615,
-0.993564,
-0.988403,
-0.982747,
-0.976730,
-0.970452,
-0.963982,
-0.957373,
-0.950663,
-0.943879,
-0.937041,
-0.930164,
-0.923258,
-0.916331,
-0.910568,
-0.905689,
-0.900312,
-0.894572,
-0.888568,
-0.882371,
-0.876033,
-0.869594,
-0.863080,
-0.856512,
-0.849904,
-0.843267,
-0.836610,
-0.831115,
-0.826505,
-0.821397,
-0.815925,
-0.810189,
-0.804261,
-0.798192,
-0.792021,
-0.785775,
-0.779476,
-0.773136,
-0.766768,
-0.761558,
-0.757228,
-0.752396,
-0.747199,
-0.741736,
-0.736079,
-0.730281,
-0.724381,
-0.718405,
-0.712375,
-0.706305,
-0.700206,
-0.695264,
-0.691203,
-0.686640,
-0.681711,
-0.676517,
-0.671129,
-0.665599,
-0.659967,
-0.654260,
-0.648498,
-0.642697,
-0.636867,
-0.632194,
-0.628401,
-0.624106,
-0.619447,
-0.614521,
-0.609401,
-0.604141,
-0.598777,
-0.593338,
-0.587845,
-0.582312,
-0.577929,
-0.574420,
-0.570405,
-0.566022,
-0.561371,
-0.556524,
-0.551535,
-0.546443,
-0.541274,
-0.536051,
-0.530788,
-0.525495,
-0.521360,
-0.518104,
-0.514347,
-0.510225,
-0.505836,
-0.501254,
-0.496530,
-0.491704,
-0.486802,
-0.481846,
-0.476851,
-0.473005,
-0.470033,
-0.466555,
-0.462709,
-0.458595,
-0.454285,
-0.449834,
-0.445278,
-0.440647,
-0.435961,
-0.431234,
-0.426479,
-0.422881,
-0.420162,
-0.416942,
-0.413357,
-0.409505,
-0.405460,
-0.401274,
-0.396984,
-0.392620,
-0.388201,
-0.383742,
-0.379255,
-0.375925,
-0.373474,
-0.370523,
-0.367206,
-0.363623,
-0.359846,
-0.355928,
-0.351907,
-0.347811,
-0.343661,
-0.339470,
-0.335251,
-0.332190,
-0.330008,
-0.327325,
-0.324277,
-0.320962,
-0.317454,
-0.313804,
-0.310052,
-0.306225,
-0.302343,
-0.298421,
-0.294471,
-0.291678,
-0.289764,
-0.287350,
-0.284570,
-0.281524,
-0.278284,
-0.274903,
-0.271419,
-0.267861,
-0.264247,
-0.260594,
-0.256912,
-0.253209,
-0.250669,
-0.249013,
-0.246859,
-0.244342,
-0.241560,
-0.238586,
-0.235471,
-0.232255,
-0.228963,
-0.225618,
-0.222232,
-0.218819,
-0.215384,
-0.213112,
-0.211725,
-0.209839,
-0.207590,
-0.205077,
-0.202371,
-0.199525,
-0.196577,
-0.193554,
-0.190477,
-0.187360,
-0.184215,
-0.181049,
-0.179046,
-0.177927,
-0.176310,
-0.174330,
-0.172085,
-0.169648,
-0.167070,
-0.164390,
-0.161636,
-0.158828,
-0.155979,
-0.153103,
-0.150205,
-0.147292,
-0.145546,
-0.144688,
-0.143333,
-0.141617,
-0.139638,
-0.137467,
-0.135156,
-0.132744,
-0.130257,
-0.127717,
-0.125137,
-0.122528,
-0.119898,
-0.117254,
-0.114598,
-0.113113,
-0.112517,
-0.111426,
-0.109976,
-0.108263,
-0.106359,
-0.104316,
-0.102171,
-0.099952,
-0.097679,
-0.095368,
-0.093027,
-0.090666,
-0.088290,
-0.085903,
-0.084686,
-0.084358,
-0.083537,
-0.082355,
-0.080910,
-0.079275,
-0.077500,
-0.075624,
-0.073673,
-0.071669,
-0.069626,
-0.067554,
-0.065462,
-0.063354,
-0.061235,
-0.059108,
-0.058154,
-0.058091,
-0.057535,
-0.056619,
-0.055442,
-0.054073,
-0.052566,
-0.050958,
-0.049276,
-0.047540,
-0.045765,
-0.043962,
-0.042138,
-0.040298,
-0.038448,
-0.036590,
-0.034726,
-0.034036,
-0.034238,
-0.033948,
-0.033299,
-0.032389,
-0.031288,
-0.030049,
-0.028709,
-0.027295,
-0.025828,
-0.024321,
-0.022786,
-0.021230,
-0.019660,
-0.018078,
-0.016488,
-0.014892,
-0.013292,
-0.011689,
-0.010084,
-0.009656,
-0.010122,
-0.010096,
-0.009713,
-0.009070,
-0.008236,
-0.007265,
-0.006192,
-0.005046,
-0.003847,
-0.002609,
-0.001342,
-0.000055,
0.001248,
0.002561,
0.003882,
0.005209,
0.006541,
0.007875,
0.009212,
0.010550,
0.010711,
0.009978,
0.009735,
0.009850,
0.010225,
0.010791,
0.011494,
0.012298,
0.013175,
0.014106,
0.015076,
0.016074,
0.017093,
0.018127,
0.019172,
0.020224,
0.021283,
0.022346,
0.023412,
0.024480,
0.025550,
0.026621,
0.027693,
0.028765,
0.029838,
0.029733,
0.028732,
0.028222,
0.028070,
0.028177,
0.028474,
0.028909,
0.029445,
0.030054,
0.030716,
0.031418,
0.032147,
0.032898,
0.033663,
0.034439,
0.035224,
0.036014,
0.036808,
0.037605,
0.038405,
0.039206,
0.040009,
0.040812,
0.041616,
0.042420,
0.043225,
0.044030,
0.044835,
0.044462,
0.043193,
0.042415,
0.041994,
0.041833,
0.041862,
0.042028,
0.042296,
0.042636,
0.043030,
0.043463,
0.043924,
0.044406,
0.044903,
0.045410,
0.045926,
0.046447,
0.046973,
0.047502,
0.048033,
0.048566,
0.049100,
0.049635,
0.050170,
0.050706,
0.051242,
0.051778,
0.052315,
0.052852,
0.053389,
0.053926,
0.054463,
0.055000,
0.055537,
0.056074,
0.056611,
0.057148,
0.056506,
0.054969,
0.053923,
0.053233,
0.052804,
0.052564,
0.052462
