/*
    A DCL_runDF13Clamp example with the 
    following controller parameters: 
    .a1 = 0.0341879720f,
    .a2 = -0.7668017816f,
    .a3 = -0.2673861903f,
    .b0 = 1.3436620732f,
    .b1 = 0.3459370813f,
    .b2 = -0.7200660800f,
    .b3 = -0.2790608258f,
    (Clamp) Umax = 2.0f, Umin = -2.0f
*/
0.000000,
0.000000,
0.000000,
0.000000,
0.000000,
0.000000,
0.000000,
0.000000,
0.000000,
0.000000,
0.000000,
0.000000,
0.000000,
0.000000,
0.000000,
0.000000,
0.000000,
0.000000,
0.000000,
0.000000,
0.000000,
0.000000,
0.000000,
0.000000,
0.000000,
0.000000,
0.000000,
0.000000,
0.000000,
0.000000,
0.000000,
0.000000,
0.000000,
0.000000,
0.000000,
0.000000,
0.000000,
0.000000,
0.000000,
0.000000,
0.000000,
0.000000,
0.000000,
0.000000,
0.000000,
0.000000,
0.000000,
0.000000,
0.000000,
0.000000,
0.000000,
0.000000,
0.000000,
0.000000,
0.000000,
0.000000,
0.000000,
0.000000,
0.000000,
0.000000,
0.000000,
0.000000,
0.000000,
0.000000,
0.000000,
0.000000,
0.000000,
0.000000,
0.000000,
0.000000,
0.000000,
0.000000,
0.000000,
0.000000,
0.000000,
0.000000,
0.000000,
0.000000,
0.000000,
0.000000,
0.000000,
0.000000,
0.000000,
0.000000,
0.000000,
0.000000,
0.000000,
0.000000,
0.000000,
0.000000,
0.000000,
0.000000,
0.000000,
0.000000,
0.000000,
0.000000,
0.000000,
0.000000,
0.000000,
0.000000,
0.000000,
0.000000,
0.000000,
0.000000,
0.000000,
0.000000,
0.000000,
0.000000,
0.000000,
0.000000,
0.000000,
0.000000,
0.000000,
0.000000,
0.000000,
0.000000,
0.000000,
0.000000,
0.000000,
0.000000,
0.000000,
0.000000,
0.000000,
0.000000,
0.000000,
0.000000,
0.000000,
0.000000,
0.000000,
0.000000,
0.000000,
0.000000,
0.000000,
0.000000,
0.000000,
0.000000,
0.000000,
0.000000,
0.000000,
0.000000,
0.000000,
0.000000,
0.000000,
0.000000,
0.000000,
0.000000,
0.000000,
0.000000,
0.000000,
0.000000,
0.000000,
0.000000,
0.000000,
0.000000,
0.000000,
0.000000,
0.000000,
0.000000,
0.000000,
0.000000,
0.134366,
0.164366,
0.194038,
0.223637,
0.253162,
0.282287,
0.311592,
0.340169,
0.368853,
0.397064,
0.425054,
0.452825,
0.480048,
0.506978,
0.533943,
0.560032,
0.586083,
0.611841,
0.636979,
0.661749,
0.686482,
0.710594,
0.734340,
0.757391,
0.780331,
0.802904,
0.824784,
0.846552,
0.867626,
0.888588,
0.908856,
0.929013,
0.948475,
0.967498,
0.986410,
1.004627,
1.022405,
1.040071,
1.057043,
1.073576,
1.089997,
1.105724,
1.121012,
1.136188,
1.150670,
1.165041,
1.178717,
1.192282,
1.205480,
1.217985,
1.230378,
1.242405,
1.254065,
1.265360,
1.276288,
1.286850,
1.297045,
1.306875,
1.316666,
1.325837,
1.334641,
1.343407,
1.351552,
1.359658,
1.367472,
1.374993,
1.382221,
1.389156,
1.395798,
1.402147,
1.408203,
1.414294,
1.419837,
1.425088,
1.430373,
1.435439,
1.439957,
1.444510,
1.448843,
1.452956,
1.456850,
1.460524,
1.464307,
1.467615,
1.470703,
1.473899,
1.476621,
1.479451,
1.482135,
1.484344,
1.486662,
1.488833,
1.490858,
1.492736,
1.494467,
1.496052,
1.497819,
1.499184,
1.500403,
1.501804,
1.502803,
1.503984,
1.504763,
1.505724,
1.506612,
1.507099,
1.507766,
1.508361,
1.508883,
1.509331,
1.509706,
1.510008,
1.510237,
1.510392,
1.510802,
1.510884,
1.510893,
1.511157,
1.511093,
1.510955,
1.511072,
1.510861,
1.510905,
1.510621,
1.510592,
1.510234,
1.510132,
1.510029,
1.509927,
1.509496,
1.509320,
1.509145,
1.508969,
1.508465,
1.508216,
1.507967,
1.507718,
1.507469,
1.507220,
1.506971,
1.506722,
1.506473,
1.505896,
1.505574,
1.505251,
1.504929,
1.504607,
1.504285,
1.504290,
1.504041,
1.503792,
1.503543,
1.503294,
1.503045,
1.502796,
1.502547,
1.502298,
1.502049,
1.501800,
1.501551,
1.501302,
1.501053,
1.500804,
1.500883,
1.500707,
1.500532,
1.500356,
1.500180,
1.500004,
1.499828,
1.499653,
1.499477,
1.499301,
1.499125,
1.498950,
1.498774,
1.498598,
1.498422,
1.498246,
1.498399,
1.498296,
1.498193,
1.498091,
1.497988,
1.497886,
1.497783,
1.497680,
1.497578,
1.497475,
1.497373,
1.496942,
1.496767,
1.496591,
1.496415,
1.496239,
1.496063,
1.495888,
1.495712,
1.495536,
1.495360,
1.495184,
1.495008,
1.494833,
1.494329,
1.494080,
1.493831,
1.493582,
1.493333,
1.493084,
1.492835,
1.492586,
1.492009,
1.491687,
1.491364,
1.491042,
1.490720,
1.490069,
1.489674,
1.489278,
1.488883,
1.488487,
1.487764,
1.487295,
1.486826,
1.486358,
1.485889,
1.485092,
1.484550,
1.484008,
1.483466,
1.482596,
1.481981,
1.481365,
1.480750,
1.479807,
1.479119,
1.478430,
1.477742,
1.476725,
1.475963,
1.475202,
1.474440,
1.473350,
1.472515,
1.471680,
1.470845,
1.469682,
1.468774,
1.467866,
1.466958,
1.465722,
1.464740,
1.463759,
1.462449,
1.461395,
1.460340,
1.459285,
1.457902,
1.456774,
1.455647,
1.454519,
1.453063,
1.451861,
1.450660,
1.449459,
1.447930,
1.446655,
1.445381,
1.444106,
1.442504,
1.441156,
1.439809,
1.438461,
1.436785,
1.435365,
1.433944,
1.432523,
1.430774,
1.429280,
1.427786,
1.426292,
1.424469,
1.422902,
1.421335,
1.419767,
1.418200,
1.416304,
1.414664,
1.413023,
1.411383,
1.409742,
1.407773,
1.406059,
1.404346,
1.402631,
1.400918,
1.399204,
1.397162,
1.395375,
1.393588,
1.391801,
1.390013,
1.388226,
1.386439,
1.384324,
1.382464,
1.380603,
1.378743,
1.376883,
1.375022,
1.373162,
1.370973,
1.369040,
1.367106,
1.365173,
1.363239,
1.361305,
1.359372,
1.357438,
1.355505,
1.353571,
1.351310,
1.349303,
1.347296,
1.345289,
1.343282,
1.341275,
1.339269,
1.337262,
1.335255,
1.333248,
1.331241,
1.329234,
1.327228,
1.325221,
1.323214,
1.321207,
1.318872,
1.316792,
1.314712,
1.312632,
1.310552,
1.308472,
1.306392,
1.304312,
1.302231,
1.300151,
1.298071,
1.295991,
1.293911,
1.291831,
1.289751,
1.287671,
1.285591,
1.283511,
1.281431,
1.279351,
1.277271,
1.275190,
1.273110,
1.271030,
1.268950,
1.266870,
1.264790,
1.262710,
1.260630,
1.258878,
1.256871,
1.254864,
1.252857,
1.250850,
1.248844,
1.246837,
1.244830,
1.242823,
1.240816,
1.238809,
1.236803,
1.234796,
1.232789,
1.230782,
1.228775,
1.226768,
1.224762,
1.222755,
1.220748,
1.218741,
1.216734,
1.215055,
1.213122,
1.211188,
1.209255,
1.207321,
1.205387,
1.203454,
1.201520,
1.199587,
1.197653,
1.195719,
1.193786,
1.191852,
1.189919,
1.187985,
1.186380,
1.184519,
1.182659,
1.180799,
1.178938,
1.177078,
1.175218,
1.173357,
1.171497,
1.169636,
1.167776,
1.165916,
1.164055,
1.162195,
1.160663,
1.158875,
1.157089,
1.155301,
1.153514,
1.151727,
1.149940,
1.148153,
1.146366,
1.144579,
1.142792,
1.141004,
1.139217,
1.137758,
1.136044,
1.134331,
1.132617,
1.130903,
1.129189,
1.127475,
1.125761,
1.124047,
1.122333,
1.120619,
1.118906,
1.117520,
1.115879,
1.114239,
1.112598,
1.110957,
1.109316,
1.107676,
1.106035,
1.104394,
1.102754,
1.101113,
1.099473,
1.098160,
1.096593,
1.095025,
1.093458,
1.091890,
1.090323,
1.088756,
1.087188,
1.085621,
1.084054,
1.082486,
1.080919,
1.079679,
1.078185,
1.076691,
1.075197,
1.073703,
1.072209,
1.070715,
1.069221,
1.067726,
1.066232,
1.064738,
1.063572,
1.062151,
1.060730,
1.059309,
1.057889,
1.056468,
1.055047,
1.053626,
1.052205,
1.050784,
1.049363,
1.047943,
1.046850,
1.045502,
1.044154,
1.042807,
1.041459,
1.040111,
1.038764,
1.037416,
1.036068,
1.034721,
1.033373,
1.032025,
1.031006,
1.029731,
1.028457,
1.027183,
1.025908,
1.024634,
1.023359,
1.022085,
1.020811,
1.019536,
1.018262,
1.016987,
1.016041,
1.014840,
1.013638,
1.012437,
1.011236,
1.010035,
1.008834,
1.007633,
1.006431,
1.005230,
1.004029,
1.002828,
1.001627,
1.000754,
0.999626,
0.998498,
0.997370,
0.996242,
0.995114,
0.993986,
0.992858,
0.991730,
0.990602,
0.989474,
0.988346,
0.987547,
0.986492,
0.985437,
0.984383,
0.983328,
0.982273,
0.981218,
0.980164,
0.979109,
0.978054,
0.977000,
0.975945,
0.974890,
0.974164,
0.973182,
0.972201,
0.971219,
0.970238,
0.969256,
0.968275,
0.967294,
0.966312,
0.965331,
0.964349,
0.963368,
0.962386,
0.961733,
0.960825,
0.959916,
0.959008,
0.958100,
0.957192,
0.956284,
0.955375,
0.954467,
0.953559,
0.952651,
0.951743,
0.950834,
0.950254,
0.949419,
0.948584,
0.947749,
0.946914,
0.946080,
0.945245,
0.944410,
0.943575,
0.942740,
0.941905,
0.941070,
0.940235,
0.939400,
0.938893,
0.938131,
0.937370,
0.936608,
0.935846,
0.935084,
0.934323,
0.933561,
0.932799,
0.932037,
0.931276,
0.930514,
0.929752,
0.928991,
0.928557,
0.927868,
0.927180,
0.926492,
0.925803,
0.925115,
0.924426,
0.923738,
0.923049,
0.922361,
0.921672,
0.920984,
0.920295,
0.919607,
0.918918,
0.918558,
0.917943,
0.917327,
0.916712,
0.916097,
0.915482,
0.914866,
0.914251,
0.913636,
0.913021,
0.912405,
0.911790,
0.911175,
0.910560,
0.909944,
0.909329,
0.909042,
0.908500,
0.907958,
0.773050,
0.742508,
0.712294,
0.682153,
0.652086,
0.622420,
0.592900,
0.563527,
0.534300,
0.505548,
0.477015,
0.449030,
0.421011,
0.393539,
0.366360,
0.339474,
0.312880,
0.286908,
0.261303,
0.235735,
0.210788,
0.186208,
0.161993,
0.138473,
0.115065,
0.092022,
0.069674,
0.047437,
0.025895,
0.004464,
-0.016273,
-0.036570,
-0.056428,
-0.076175,
-0.095227,
-0.113840,
-0.132341,
-0.150148,
-0.167516,
-0.184444,
-0.201261,
-0.217384,
-0.233067,
-0.248638,
-0.263516,
-0.278282,
-0.292354,
-0.306314,
-0.319580,
-0.332735,
-0.345523,
-0.357618,
-0.369600,
-0.381217,
-0.392467,
-0.403352,
-0.413870,
-0.424349,
-0.434208,
-0.443701,
-0.453155,
-0.461989,
-0.470784,
-0.478958,
-0.487094,
-0.494937,
-0.502488,
-0.509745,
-0.516709,
-0.523380,
-0.529758,
-0.535844,
-0.541964,
-0.547537,
-0.553144,
-0.558204,
-0.563299,
-0.568174,
-0.572830,
-0.577266,
-0.581482,
-0.585478,
-0.589255,
-0.592812,
-0.596149,
-0.599594,
-0.602565,
-0.605645,
-0.608577,
-0.611036,
-0.613602,
-0.616022,
-0.618296,
-0.620423,
-0.622404,
-0.624238,
-0.625925,
-0.627467,
-0.629189,
-0.630511,
-0.632014,
-0.633115,
-0.634399,
-0.635281,
-0.636344,
-0.637335,
-0.638252,
-0.638767,
-0.639465,
-0.640089,
-0.640640,
-0.641117,
-0.641522,
-0.642181,
-0.642512,
-0.642770,
-0.642955,
-0.643394,
-0.643505,
-0.643544,
-0.643837,
-0.643802,
-0.644021,
-0.643913,
-0.644059,
-0.643878,
-0.643951,
-0.644024,
-0.643770,
-0.643770,
-0.643770,
-0.643442,
-0.643368,
-0.643295,
-0.643222,
-0.643149,
-0.642747,
-0.642601,
-0.642454,
-0.642308,
-0.642161,
-0.642015,
-0.641868,
-0.641722,
-0.641576,
-0.641429,
-0.641283,
-0.641136,
-0.640990,
-0.640843,
-0.640697,
-0.640550,
-0.640404,
-0.640257,
-0.640111,
-0.639964,
-0.639818,
-0.639671,
-0.639525,
-0.639378,
-0.639232,
-0.639085,
-0.638939,
-0.638792,
-0.638646,
-0.638499,
-0.638681,
-0.638608,
-0.638535,
-0.638461,
-0.638388,
-0.638315,
-0.638242,
-0.638168,
-0.638095,
-0.638022,
-0.637949,
-0.637875,
-0.637802,
-0.637729,
-0.637656,
-0.637583,
-0.637509,
-0.637436,
-0.637363,
-0.637290,
-0.637216,
-0.637143,
-0.637070,
-0.636997,
-0.636923,
-0.636850,
-0.636777,
-0.636704,
-0.636630,
-0.636229,
-0.636083,
-0.635936,
-0.635790,
-0.635643,
-0.635497,
-0.635350,
-0.635204,
-0.635057,
-0.634583,
-0.634363,
-0.634143,
-0.633924,
-0.633704,
-0.633484,
-0.632936,
-0.632643,
-0.632350,
-0.632057,
-0.631764,
-0.631471,
-0.630850,
-0.630484,
-0.630118,
-0.629752,
-0.629386,
-0.628691,
-0.628252,
-0.627812,
-0.627373,
-0.626605,
-0.626093,
-0.625580,
-0.625067,
-0.624227,
-0.623641,
-0.623055,
-0.622469,
-0.621555,
-0.620896,
-0.620237,
-0.619577,
-0.618590,
-0.617858,
-0.617125,
-0.616065,
-0.615259,
-0.614453,
-0.613648,
-0.612514,
-0.611635,
-0.610756,
-0.609877,
-0.608670,
-0.607718,
-0.606766,
-0.605486,
-0.604461,
-0.603435,
-0.602410,
-0.601056,
-0.599958,
-0.598859,
-0.597760,
-0.596334,
-0.595162,
-0.593990,
-0.592490,
-0.591245,
-0.590000,
-0.588755,
-0.587182,
-0.585863,
-0.584545,
-0.583227,
-0.581580,
-0.580189,
-0.578797,
-0.577405,
-0.575686,
-0.574221,
-0.572756,
-0.571291,
-0.569498,
-0.567960,
-0.566422,
-0.564884,
-0.563346,
-0.561480,
-0.559868,
-0.558257,
-0.556646,
-0.554706,
-0.553022,
-0.551337,
-0.549653,
-0.547968,
-0.546283,
-0.544271,
-0.542513,
-0.540755,
-0.538997,
-0.537240,
-0.535154,
-0.533323,
-0.531492,
-0.529661,
-0.527830,
-0.525999,
-0.524168,
-0.522008,
-0.520104,
-0.518200,
-0.516295,
-0.514391,
-0.512487,
-0.510583,
-0.508350,
-0.506373,
-0.504395,
-0.502418,
-0.500440,
-0.498463,
-0.496485,
-0.494507,
-0.492530,
-0.490552,
-0.488247,
-0.486196,
-0.484145,
-0.482094,
-0.480044,
-0.477993,
-0.475942,
-0.473891,
-0.471841,
-0.469790,
-0.467739,
-0.465688,
-0.463637,
-0.461587,
-0.459536,
-0.457485,
-0.455106,
-0.452982,
-0.450858,
-0.448734,
-0.446610,
-0.444486,
-0.442362,
-0.440238,
-0.438114,
-0.435990,
-0.433866,
-0.431742,
-0.429618,
-0.427494,
-0.425370,
-0.423246,
-0.421122,
-0.418998,
-0.416874,
-0.414750,
-0.412626,
-0.410502,
-0.408378,
-0.406254,
-0.404130,
-0.402006,
-0.399882,
-0.397758,
-0.395962,
-0.393911,
-0.391860,
-0.389809,
-0.387758,
-0.385708,
-0.383657,
-0.381606,
-0.379555,
-0.377505,
-0.375454,
-0.373403,
-0.371352,
-0.369301,
-0.367251,
-0.365200,
-0.363149,
-0.361098,
-0.359048,
-0.356997,
-0.354946,
-0.352895,
-0.350844,
-0.349122,
-0.347144,
-0.345167,
-0.343189,
-0.341211,
-0.339234,
-0.337256,
-0.335279,
-0.333301,
-0.331324,
-0.329346,
-0.327369,
-0.325391,
-0.323414,
-0.321436,
-0.319787,
-0.317882,
-0.315978,
-0.314074,
-0.312169,
-0.310265,
-0.308361,
-0.306457,
-0.304552,
-0.302648,
-0.300744,
-0.298839,
-0.296935,
-0.295359,
-0.293528,
-0.291697,
-0.289866,
-0.288035,
-0.286204,
-0.284373,
-0.282541,
-0.280710,
-0.278879,
-0.277048,
-0.275217,
-0.273386,
-0.271883,
-0.270125,
-0.268368,
-0.266610,
-0.264852,
-0.263094,
-0.261336,
-0.259579,
-0.257821,
-0.256063,
-0.254305,
-0.252547,
-0.251118,
-0.249433,
-0.247748,
-0.246064,
-0.244379,
-0.242695,
-0.241010,
-0.239326,
-0.237641,
-0.235956,
-0.234272,
-0.232587,
-0.231231,
-0.229619,
-0.228008,
-0.226397,
-0.224785,
-0.223174,
-0.221563,
-0.219951,
-0.218340,
-0.216729,
-0.215117,
-0.213506,
-0.212223,
-0.210685,
-0.209147,
-0.207609,
-0.206071,
-0.204532,
-0.202994,
-0.201456,
-0.199918,
-0.198380,
-0.196842,
-0.195632,
-0.194167,
-0.192702,
-0.191237,
-0.189773,
-0.188308,
-0.186843,
-0.185378,
-0.183913,
-0.182448,
-0.180984,
-0.179519,
-0.178382,
-0.176990,
-0.175599,
-0.174207,
-0.172816,
-0.171424,
-0.170032,
-0.168641,
-0.167249,
-0.165858,
-0.164466,
-0.163402,
-0.162084,
-0.160766,
-0.159447,
-0.158129,
-0.156811,
-0.155492,
-0.154174,
-0.152855,
-0.151537,
-0.150219,
-0.148900,
-0.147910,
-0.146665,
-0.145420,
-0.144175,
-0.142930,
-0.141684,
-0.140439,
-0.139194,
-0.137949,
-0.136704,
-0.135459,
-0.134214,
-0.133297,
-0.132125,
-0.130953,
-0.129781,
-0.128609,
-0.127437,
-0.126265,
-0.125094,
-0.123922,
-0.122750,
-0.121578,
-0.120406,
-0.119562,
-0.118464,
-0.117365,
-0.116266,
-0.115168,
-0.114069,
-0.112970,
-0.111872,
-0.110773,
-0.109675,
-0.108576,
-0.107477,
-0.106707,
-0.105681,
-0.104656,
-0.103630,
-0.102605,
-0.101580,
-0.100554,
-0.099529,
-0.098504,
-0.097478,
-0.096453,
-0.095427,
-0.094402,
-0.093705,
-0.092752,
-0.091800,
-0.090848,
-0.089896,
-0.088944,
-0.087992,
-0.087040,
-0.086087,
-0.085135,
-0.084183,
-0.083231,
-0.082279,
-0.081655,
-0.080776,
-0.079897,
-0.079018,
-0.078139,
-0.077260,
-0.076381,
-0.075502,
-0.074624,
-0.073745,
-0.072866,
-0.071987,
-0.071108,
-0.070557,
-0.069751,
-0.068946,
-0.068140,
-0.067334,
-0.066529,
-0.065723,
-0.064917,
-0.064112,
-0.063306,
-0.062500,
-0.061695,
-0.060889,
-0.060083,
-0.059606,
-0.058873,
-0.058141,
-0.057409,
-0.056676,
-0.055944,
-0.055211,
-0.054479,
-0.053746,
-0.053014,
-0.052282,
-0.051549,
-0.050817,
-0.050084,
-0.049352,
-0.048947,
-0.048288,
-0.047629,
-0.046970,
-0.046311,
-0.045652,
-0.044992,
-0.044333,
-0.043674,
-0.043015,
-0.042356,
-0.041697,
-0.041037,
-0.040378,
-0.039719,
-0.039388,
-0.038802,
-0.038216,
-0.037630,
-0.037044,
-0.036458,
-0.035872,
-0.035286,
-0.034700,
-0.034114,
-0.033528,
-0.032943,
-0.032357,
-0.031771,
-0.031185,
-0.030599,
-0.030341,
-0.029828,
-0.029316,
-0.028803,
-0.028290,
-0.027777,
-0.027265,
-0.026752,
-0.026239,
-0.025727,
-0.025214,
-0.024701,
-0.024189,
-0.023676,
-0.023163,
-0.022650,
-0.022138,
-0.021953,
-0.021514,
-0.021074,
-0.020635,
-0.020195,
-0.019756,
-0.019316,
-0.018877,
-0.018437,
-0.017998,
-0.017559,
-0.017119,
-0.016680,
-0.016240,
-0.015801,
-0.015361,
-0.014922,
-0.014482,
-0.014043,
-0.013604,
-0.013492,
-0.013126,
-0.012760,
-0.012393,
-0.012027,
-0.011661,
-0.011295,
-0.010929,
-0.010562,
-0.010196,
-0.009830,
-0.009464,
-0.009098,
-0.008731,
-0.008365,
-0.007999,
-0.007633,
-0.007267,
-0.006900,
-0.006534,
-0.006168,
-0.006130,
-0.005837,
-0.005544,
-0.005251,
-0.004958,
-0.004665,
-0.004372,
-0.004079,
-0.003786,
-0.003493,
-0.003200,
-0.002907,
-0.002614,
-0.002321,
-0.002028,
-0.001735,
-0.001442,
-0.001149,
-0.000856,
-0.000563,
-0.000270,
0.000023,
0.000316,
0.000609,
0.000902,
0.000866,
0.001086,
0.001306,
0.001526,
0.001745,
0.001965,
0.002185,
0.002405,
0.002624,
0.002844,
0.003064,
0.003283,
0.003503,
0.003723,
0.003943,
0.004162,
0.004382,
0.004602,
0.004822,
0.005041,
0.005261,
0.005481,
0.005700,
0.005920,
0.006140,
0.006360,
0.006579,
0.006799,
0.006691,
0.006837,
0.006984,
0.007130,
0.007277,
0.007423,
0.007570,
0.007716,
0.007863,
0.008009,
0.008156,
0.008302,
0.008449,
0.008595,
0.008742,
0.008888,
0.009035,
0.009181,
0.009327,
0.009474,
0.009620,
0.009767,
0.009913,
0.010060,
0.010206,
0.010353,
0.010499,
0.010646,
0.010792,
0.010939,
0.011085,
0.011232,
0.011378,
0.011525,
0.011671,
0.011818,
0.011964,
0.011783,
0.011856,
0.011929,
0.012002,
0.012076,
0.012149,
0.012222
