/*
    A DCL_runDF13 example with the 
    following controller parameters: 
    .a1 = -1.0277396009f,
    .a2 = 0.8277396009f,
    .a3 = -0.24802563f,
    .b0 = 1.2500036172f,
    .b1 = 0.2153188876f,
    .b2 = -2.0346715071f,
    .b3 = -0.2490805258f,
*/
0.000000,
0.000000,
0.000000,
0.000000,
0.000000,
0.000000,
0.000000,
0.000000,
0.000000,
0.000000,
0.000000,
0.000000,
0.000000,
0.000000,
0.000000,
0.000000,
0.000000,
0.000000,
0.000000,
0.000000,
0.000000,
0.000000,
0.000000,
0.000000,
0.000000,
0.000000,
0.000000,
0.000000,
0.000000,
0.000000,
0.000000,
0.000000,
0.000000,
0.000000,
0.000000,
0.000000,
0.000000,
0.000000,
0.000000,
0.000000,
0.000000,
0.000000,
0.000000,
0.000000,
0.000000,
0.000000,
0.000000,
0.000000,
0.000000,
0.000000,
0.000000,
0.000000,
0.000000,
0.000000,
0.000000,
0.000000,
0.000000,
0.000000,
0.000000,
0.000000,
0.000000,
0.000000,
0.000000,
0.000000,
0.000000,
0.000000,
0.000000,
0.000000,
0.000000,
0.000000,
0.000000,
0.000000,
0.000000,
0.000000,
0.000000,
0.000000,
0.000000,
0.000000,
0.000000,
0.000000,
0.000000,
0.000000,
0.000000,
0.000000,
0.000000,
0.000000,
0.000000,
0.000000,
0.000000,
0.000000,
0.000000,
0.000000,
0.000000,
0.000000,
0.000000,
0.000000,
0.000000,
0.000000,
0.000000,
0.000000,
0.000000,
0.000000,
0.000000,
0.000000,
0.000000,
0.000000,
0.000000,
0.000000,
0.000000,
0.000000,
0.000000,
0.000000,
0.000000,
0.000000,
0.000000,
0.000000,
0.000000,
0.000000,
0.000000,
0.000000,
0.000000,
0.000000,
0.000000,
0.000000,
0.000000,
0.000000,
0.000000,
0.000000,
0.000000,
0.000000,
0.000000,
0.000000,
0.000000,
0.000000,
0.000000,
0.000000,
0.000000,
0.000000,
0.000000,
0.000000,
0.000000,
0.000000,
0.000000,
0.000000,
0.000000,
0.000000,
0.000000,
0.000000,
0.000000,
0.000000,
0.000000,
0.000000,
0.000000,
0.000000,
0.000000,
0.000000,
0.000000,
0.000000,
0.000000,
0.000000,
0.125000,
0.275000,
0.121921,
-0.153828,
-0.273174,
-0.205655,
-0.105721,
-0.088418,
-0.136757,
-0.175444,
-0.170796,
-0.145448,
-0.132546,
-0.138871,
-0.148723,
-0.149864,
-0.144202,
-0.138646,
-0.137351,
-0.138773,
-0.138685,
-0.136045,
-0.133254,
-0.131917,
-0.131251,
-0.129486,
-0.127136,
-0.125071,
-0.123265,
-0.121528,
-0.119536,
-0.117470,
-0.115375,
-0.113735,
-0.111829,
-0.109455,
-0.107486,
-0.105510,
-0.103269,
-0.101411,
-0.099423,
-0.097111,
-0.095217,
-0.093248,
-0.090967,
-0.088776,
-0.086733,
-0.084874,
-0.082615,
-0.080571,
-0.078932,
-0.076884,
-0.074569,
-0.072479,
-0.070741,
-0.069111,
-0.067357,
-0.065473,
-0.063281,
-0.061100,
-0.059704,
-0.058287,
-0.056394,
-0.054468,
-0.052407,
-0.050555,
-0.049079,
-0.047786,
-0.046419,
-0.044920,
-0.043390,
-0.041616,
-0.039835,
-0.038791,
-0.037709,
-0.035862,
-0.034246,
-0.033298,
-0.032108,
-0.030608,
-0.029217,
-0.028134,
-0.026896,
-0.025523,
-0.024765,
-0.023972,
-0.022792,
-0.021640,
-0.020339,
-0.019508,
-0.019098,
-0.018145,
-0.016839,
-0.015784,
-0.015145,
-0.014638,
-0.013679,
-0.012503,
-0.012059,
-0.011695,
-0.010944,
-0.010155,
-0.009485,
-0.009054,
-0.008274,
-0.007708,
-0.007517,
-0.006900,
-0.006022,
-0.005384,
-0.005102,
-0.004922,
-0.004613,
-0.004175,
-0.003430,
-0.002699,
-0.002752,
-0.002783,
-0.002337,
-0.002163,
-0.001917,
-0.001445,
-0.001112,
-0.000908,
-0.000849,
-0.000683,
-0.000502,
0.000058,
0.000585,
0.000404,
-0.000133,
0.000093,
0.000785,
0.000872,
0.000391,
0.000493,
0.001079,
0.001477,
0.001426,
0.001190,
0.001088,
0.001166,
0.000967,
0.000620,
0.000944,
0.001576,
0.001871,
0.001732,
0.001806,
0.002124,
0.001857,
0.001278,
0.000982,
0.001092,
0.001305,
0.001361,
0.001268,
0.001180,
0.001180,
0.001230,
0.001259,
0.001248,
0.001225,
0.001523,
0.001898,
0.001534,
0.000863,
0.000567,
0.000729,
0.000973,
0.001017,
0.000900,
0.000804,
0.000813,
0.000873,
0.000903,
0.000887,
0.000860,
0.000853,
0.001170,
0.001547,
0.001173,
0.000496,
0.000201,
0.000368,
0.000614,
0.000656,
0.000537,
0.000441,
0.000451,
0.000206,
-0.000130,
0.000226,
0.000871,
0.001155,
0.001002,
0.000769,
0.000727,
0.000839,
0.000930,
0.000922,
0.000865,
0.000836,
0.000546,
0.000206,
0.000585,
0.001246,
0.001527,
0.001362,
0.001125,
0.001086,
0.000898,
0.000624,
0.000986,
0.001599,
0.001861,
0.001408,
0.000824,
0.001162,
0.001940,
0.002315,
0.001836,
0.001173,
0.001478,
0.002282,
0.002692,
0.002218,
0.001538,
0.001831,
0.002637,
0.002750,
0.002218,
0.002275,
0.002863,
0.002982,
0.002580,
0.002711,
0.003268,
0.003328,
0.002908,
0.003062,
0.003643,
0.003704,
0.003271,
0.003416,
0.004000,
0.004067,
0.003636,
0.003780,
0.004361,
0.004428,
0.003998,
0.004142,
0.004418,
0.004423,
0.004733,
0.005176,
0.005071,
0.004621,
0.004852,
0.005496,
0.005551,
0.005078,
0.005204,
0.005798,
0.005883,
0.005457,
0.005592,
0.006167,
0.006234,
0.005808,
0.005955,
0.006535,
0.006599,
0.006169,
0.006314,
0.006896,
0.006962,
0.006532,
0.006676,
0.007257,
0.007324,
0.006894,
0.007038,
0.007619,
0.007991,
0.007622,
0.007027,
0.007310,
0.008062,
0.008454,
0.007999,
0.007341,
0.007635,
0.008430,
0.008840,
0.008677,
0.008061,
0.007613,
0.008118,
0.008917,
0.009208,
0.008971,
0.008686,
0.008355,
0.008140,
0.008619,
0.009268,
0.009485,
0.009290,
0.009070,
0.008755,
0.008512,
0.008965,
0.009615,
0.009847,
0.009660,
0.009437,
0.009420,
0.009541,
0.009624,
0.009300,
0.008875,
0.009225,
0.009916,
0.010231,
0.010070,
0.009815,
0.009764,
0.009883,
0.009984,
0.009977,
0.009916,
0.009883,
0.009899,
0.009927,
0.009935,
0.009618,
0.009241,
0.009614,
0.010292,
0.010586,
0.010420,
0.010174,
0.010131,
0.010250,
0.010346,
0.010336,
0.010276,
0.010246,
0.010263,
0.010290,
0.010296,
0.010285,
0.010274,
0.010274,
0.010281,
0.010284,
0.010283,
0.010280,
0.010279,
0.010280,
0.010281,
0.010281,
0.010281,
0.010280,
0.010586,
0.010952,
0.010579,
0.009908,
0.009617,
0.009781,
0.010025,
0.010066,
0.009949,
0.009854,
0.009864,
0.009923,
0.009953,
0.009936,
0.009910,
0.009903,
0.009915,
0.009925,
0.009925,
0.009919,
0.009915,
0.009917,
0.010225,
0.010592,
0.010218,
0.009545,
0.009254,
0.009419,
0.009663,
0.009705,
0.009587,
0.009491,
0.009501,
0.009561,
0.009591,
0.009574,
0.009548,
0.009846,
0.010224,
0.009862,
0.009190,
0.008893,
0.009054,
0.009299,
0.009343,
0.009226,
0.009130,
0.009139,
0.009199,
0.009229,
0.009213,
0.009491,
0.009851,
0.009489,
0.008828,
0.008537,
0.008696,
0.008935,
0.008978,
0.008863,
0.008769,
0.008778,
0.008837,
0.008866,
0.009155,
0.009495,
0.009116,
0.008455,
0.008175,
0.008340,
0.008577,
0.008615,
0.008499,
0.008406,
0.008417,
0.008476,
0.008810,
0.009159,
0.008760,
0.008082,
0.007803,
0.007978,
0.008221,
0.008256,
0.008135,
0.008042,
0.008054,
0.008115,
0.008449,
0.008797,
0.008397,
0.007720,
0.007441,
0.007616,
0.007859,
0.007894,
0.007773,
0.007680,
0.007692,
0.007753,
0.008087,
0.008435,
0.008035,
0.007358,
0.007079,
0.007254,
0.007497,
0.007532,
0.007411,
0.007318,
0.007330,
0.007696,
0.008091,
0.007700,
0.007002,
0.006705,
0.006882,
0.007135,
0.007176,
0.007052,
0.006954,
0.006966,
0.007028,
0.007364,
0.007712,
0.007311,
0.006633,
0.006355,
0.006530,
0.006773,
0.006808,
0.006687,
0.006593,
0.006606,
0.006667,
0.007001,
0.007349,
0.006949,
0.006272,
0.005993,
0.006168,
0.006411,
0.006446,
0.006325,
0.006232,
0.006244,
0.006305,
0.006639,
0.006987,
0.006587,
0.005910,
0.005631,
0.005806,
0.006049,
0.006084,
0.005963,
0.005870,
0.005882,
0.005943,
0.005972,
0.006259,
0.006598,
0.006220,
0.005560,
0.005280,
0.005444,
0.005681,
0.005719,
0.005603,
0.005510,
0.005521,
0.005580,
0.005914,
0.006263,
0.005864,
0.005186,
0.004907,
0.005082,
0.005325,
0.005360,
0.005239,
0.005146,
0.005158,
0.005219,
0.005248,
0.005535,
0.005874,
0.005496,
0.004836,
0.004556,
0.004720,
0.004957,
0.004995,
0.004879,
0.004786,
0.004797,
0.004856,
0.004884,
0.005173,
0.005513,
0.005134,
0.004474,
0.004193,
0.004358,
0.004595,
0.004633,
0.004517,
0.004424,
0.004435,
0.004494,
0.004522,
0.004811,
0.005151,
0.004772,
0.004112,
0.003831,
0.003996,
0.004233,
0.004271,
0.004155,
0.004062,
0.004073,
0.004132,
0.004160,
0.004144,
0.004423,
0.004783,
0.004421,
0.003760,
0.003469,
0.003627,
0.003867,
0.003910,
0.003796,
0.003701,
0.003710,
0.003769,
0.003798,
0.003782,
0.004061,
0.004421,
0.004059,
0.003398,
0.003107,
0.003266,
0.003505,
0.003548,
0.003433,
0.003339,
0.003348,
0.003407,
0.003436,
0.003420,
0.003394,
0.003693,
0.004070,
0.003707,
0.003036,
0.002739,
0.002900,
0.003145,
0.003189,
0.003072,
0.002976,
0.002985,
0.003045,
0.003075,
0.003059,
0.003032,
0.003025,
0.003342,
0.003719,
0.003345,
-0.122333,
-0.272627,
-0.119381,
0.156614,
0.276002,
0.208364,
0.108639,
0.091407,
0.139068,
0.177485,
0.173202,
0.148588,
0.135818,
0.141215,
0.150924,
0.152529,
0.146682,
0.141258,
0.140480,
0.141476,
0.140748,
0.138479,
0.136059,
0.134575,
0.133544,
0.131617,
0.129366,
0.127447,
0.125668,
0.123864,
0.121814,
0.120059,
0.118365,
0.116065,
0.113417,
0.111476,
0.109661,
0.107492,
0.105584,
0.103828,
0.101562,
0.098961,
0.097027,
0.095186,
0.092999,
0.090788,
0.088678,
0.086791,
0.084858,
0.082904,
0.080531,
0.078476,
0.076897,
0.074890,
0.072566,
0.070447,
0.068697,
0.066771,
0.064664,
0.063155,
0.061628,
0.059733,
0.057868,
0.056150,
0.054651,
0.052773,
0.050799,
0.049152,
0.047830,
0.046544,
0.045110,
0.043573,
0.041757,
0.039956,
0.038618,
0.037494,
0.036391,
0.034760,
0.033058,
0.031785,
0.030882,
0.029986,
0.028897,
0.027697,
0.026542,
0.025175,
0.023776,
0.022775,
0.021669,
0.020859,
0.020346,
0.019319,
0.018027,
0.017022,
0.016405,
0.015882,
0.015206,
0.014393,
0.013281,
0.012192,
0.011583,
0.011192,
0.010815,
0.010210,
0.009594,
0.008673,
0.007824,
0.007668,
0.007834,
0.007226,
0.006166,
0.005420,
0.005180,
0.004784,
0.004137,
0.004038,
0.004234,
0.003853,
0.003021,
0.002828,
0.002779,
0.002430,
0.002055,
0.001756,
0.001663,
0.001531,
0.001390,
0.000834,
0.000592,
0.000820,
0.000621,
0.000411,
0.000470,
0.000158,
-0.000325,
-0.000548,
-0.000149,
0.000377,
0.000037,
-0.000711,
-0.001067,
-0.000899,
-0.000616,
-0.000554,
-0.000682,
-0.000795,
-0.000789,
-0.000722,
-0.000686,
-0.000702,
-0.000733,
-0.000742,
-0.000729,
-0.000717,
-0.000717,
-0.000724,
-0.000728,
-0.000726,
-0.000723,
-0.000722,
-0.000723,
-0.000725,
-0.000725,
-0.000724,
-0.000724,
-0.000724,
-0.001029,
-0.001396,
-0.001022,
-0.000351,
-0.000060,
-0.000225,
-0.000468,
-0.000510,
-0.000392,
-0.000297,
-0.000307,
-0.000367,
-0.000396,
-0.000380,
-0.000353,
-0.000347,
-0.000358,
-0.000368,
-0.000368,
-0.000362,
-0.000358,
-0.000360,
-0.000363,
-0.000364,
-0.000363,
-0.000361,
-0.000361,
-0.000362,
-0.000362,
-0.000057,
0.000309,
-0.000063,
-0.000735,
-0.001026,
-0.000861,
-0.000618,
-0.000576,
-0.000694,
-0.000484,
-0.000108,
-0.000421,
-0.001063,
-0.001370,
-0.001232,
-0.000690,
-0.000271,
-0.000751,
-0.001518,
-0.001805,
-0.001584,
-0.001004,
-0.000610,
-0.001127,
-0.001901,
-0.002172,
-0.001631,
-0.000992,
-0.001346,
-0.002166,
-0.002251,
-0.001696,
-0.001755,
-0.002356,
-0.002484,
-0.002078,
-0.002202,
-0.002758,
-0.002820,
-0.002403,
-0.002556,
-0.003136,
-0.003196,
-0.002764,
-0.002910,
-0.003189,
-0.003194,
-0.003502,
-0.003944,
-0.003840,
-0.003390,
-0.003621,
-0.004266,
-0.004320,
-0.003847,
-0.003973,
-0.004262,
-0.004286,
-0.004599,
-0.005033,
-0.004921,
-0.004472,
-0.004707,
-0.005354,
-0.005407,
-0.004933,
-0.005058,
-0.005348,
-0.005373,
-0.005685,
-0.006119,
-0.006007,
-0.005558,
-0.005793,
-0.006440,
-0.006493,
-0.006019,
-0.006144,
-0.006739,
-0.006825,
-0.006398,
-0.006534,
-0.007108,
-0.007175,
-0.006749,
-0.006896,
-0.007476,
-0.007845,
-0.007476,
-0.006882,
-0.007166,
-0.007918,
-0.008004,
-0.007487,
-0.007569,
-0.008162,
-0.008576,
-0.008531,
-0.007984,
-0.007509,
-0.007959,
-0.008740,
-0.009053,
-0.008533,
-0.007882,
-0.008218,
-0.009033,
-0.009432,
-0.009250,
-0.008935,
-0.008556,
-0.008329,
-0.008828,
-0.009496,
-0.009713,
-0.009507,
-0.009281,
-0.008968,
-0.008730,
-0.009185,
-0.009833,
-0.010063,
-0.009876,
-0.009654,
-0.009638,
-0.009759,
-0.009841,
-0.009517,
-0.009092,
-0.009442,
-0.010133,
-0.010448,
-0.010287,
-0.010032,
-0.009981,
-0.010101,
-0.010202,
-0.010194,
-0.010133,
-0.010101,
-0.010117,
-0.010145,
-0.010152,
-0.009835,
-0.009458,
-0.009831,
-0.010509,
-0.010803,
-0.010637,
-0.010391,
-0.010348,
-0.010467,
-0.010564,
-0.010554,
-0.010493,
-0.010463,
-0.010480,
-0.010507,
-0.010513,
-0.010502,
-0.010491,
-0.010492,
-0.010498,
-0.010501,
-0.010500,
-0.010497,
-0.010496,
-0.010497,
-0.010498,
-0.010499,
-0.010498,
-0.010803,
-0.011169,
-0.010796,
-0.010125,
-0.009834,
-0.009999,
-0.010242,
-0.010284,
-0.010166,
-0.010071,
-0.010081,
-0.010141,
-0.010170,
-0.010154,
-0.010127,
-0.010120,
-0.010132,
-0.010142,
-0.010142,
-0.010136,
-0.010132,
-0.010134,
-0.010137,
-0.010443,
-0.010808,
-0.010434,
-0.009762,
-0.009472,
-0.009637,
-0.009880,
-0.009922,
-0.009804,
-0.009709,
-0.009719,
-0.009779,
-0.009808,
-0.009792,
-0.009765,
-0.010064,
-0.010441,
-0.010079,
-0.009407,
-0.009110,
-0.009271,
-0.009516,
-0.009560,
-0.009443,
-0.009347,
-0.009356,
-0.009416,
-0.009446,
-0.009735,
-0.010074,
-0.009695,
-0.009035,
-0.008754,
-0.008919,
-0.009156,
-0.009194,
-0.009078,
-0.008985,
-0.008996,
-0.009055,
-0.009084,
-0.009372,
-0.009712,
-0.009333,
-0.008673,
-0.008392,
-0.008557,
-0.008794,
-0.008832,
-0.008716,
-0.008624,
-0.008634,
-0.008693,
-0.009027,
-0.009376,
-0.008977,
-0.008300,
-0.008020,
-0.008195,
-0.008438,
-0.008473,
-0.008352,
-0.008259,
-0.008272,
-0.008332,
-0.008666,
-0.009014,
-0.008615,
-0.007937,
-0.007658,
-0.007833,
-0.008076,
-0.008111,
-0.007990,
-0.007897,
-0.007910,
-0.007970,
-0.008304,
-0.008652,
-0.008253,
-0.007575,
-0.007296,
-0.007471,
-0.007714,
-0.007749,
-0.007628,
-0.007535,
-0.007548,
-0.007913,
-0.008308,
-0.007917,
-0.007219,
-0.006923,
-0.007099,
-0.007353,
-0.007394,
-0.007270,
-0.007171,
-0.007183,
-0.007245,
-0.007581,
-0.007929,
-0.007529,
-0.006851,
-0.006572,
-0.006748,
-0.006990,
-0.007025,
-0.006904,
-0.006811,
-0.006824,
-0.007189,
-0.007584,
-0.007193,
-0.006495,
-0.006199,
-0.006375,
-0.006629,
-0.006670,
-0.006546,
-0.006447,
-0.006459,
-0.006521,
-0.006857,
-0.007205,
-0.006805,
-0.006127,
-0.005848,
-0.006024,
-0.006266,
-0.006301,
-0.006180,
-0.006087,
-0.006100,
-0.006160,
-0.006494,
-0.006842,
-0.006443,
-0.005765,
-0.005486,
-0.005661,
-0.005904,
-0.005939,
-0.005818,
-0.005725,
-0.005738,
-0.005798,
-0.006132,
-0.006480,
-0.006081,
-0.005403,
-0.005124,
-0.005299,
-0.005542,
-0.005577,
-0.005456,
-0.005363,
-0.005376,
-0.005436,
-0.005770,
-0.006118,
-0.005719,
-0.005041,
-0.004762,
-0.004937,
-0.005180,
-0.005215,
-0.005094,
-0.005001,
-0.005014,
-0.005074,
-0.005103,
-0.005390,
-0.005730,
-0.005351,
-0.004691,
-0.004411,
-0.004575,
-0.004812,
-0.004850,
-0.004734,
-0.004642,
-0.004652,
-0.004711,
-0.004740,
-0.005028,
-0.005368,
-0.004989,
-0.004329,
-0.004048,
-0.004213,
-0.004450,
-0.004488,
-0.004372,
-0.004280,
-0.004290,
-0.004349,
-0.004378,
-0.004666,
-0.005006,
-0.004627,
-0.003967,
-0.003686,
-0.003851,
-0.004088,
-0.004126,
-0.004010,
-0.003918,
-0.003928,
-0.003987,
-0.004016,
-0.003999,
-0.004278,
-0.004638,
-0.004277,
-0.003615,
-0.003324,
-0.003483,
-0.003723,
-0.003766,
-0.003651,
-0.003556,
-0.003565,
-0.003624,
-0.003654,
-0.003638,
-0.003611,
-0.003910,
-0.004287,
-0.003925,
-0.003253,
-0.002956,
-0.003117,
-0.003362,
-0.003406,
-0.003290,
-0.003193,
-0.003202,
-0.003262,
-0.003292,
-0.003276,
-0.003249,
-0.003548,
-0.003925,
-0.003563,
-0.002891,
-0.002594,
-0.002755,
-0.003000,
-0.003044,
-0.002928,
-0.002831,
-0.002840,
-0.002900,
-0.002930,
-0.002914,
-0.002887,
-0.002880,
-0.003197,
-0.003574,
-0.003201,
-0.002523,
-0.002229,
-0.002395,
-0.002641,
-0.002683,
-0.002564,
-0.002468,
-0.002478,
-0.002539,
-0.002569,
-0.002552,
-0.002525,
-0.002518,
-0.002530,
-0.002846,
-0.003212,
-0.002832,
-0.002157,
-0.001868,
-0.002036,
-0.002280,
-0.002320,
-0.002201,
-0.002106,
-0.002117,
-0.002177,
-0.002207,
-0.002190,
-0.002163,
-0.002156,
-0.002168,
-0.002178,
-0.002178,
-0.002172,
-0.002474,
-0.002841,
-0.002471,
-0.001800,
-0.001509,
-0.001672,
-0.001915,
-0.001958,
-0.001840,
-0.001745,
-0.001755,
-0.001815,
-0.001844,
-0.001828,
-0.001801,
-0.001795,
-0.001806,
-0.001816,
-0.001816,
-0.001810,
-0.001806,
-0.002113,
-0.002482,
-0.002110,
-0.001437,
-0.001146,
-0.001310,
-0.001554,
-0.001596,
-0.001478,
-0.001383,
-0.001393,
-0.001453,
-0.001482,
-0.001466,
-0.001439,
-0.001433,
-0.001444,
-0.001454,
-0.001454,
-0.001448,
-0.001444,
-0.001446,
-0.001449,
-0.001450,
-0.001448,
-0.001753,
-0.002119,
-0.001746,
-0.001075,
-0.000784,
-0.000949,
-0.001192,
-0.001234,
-0.001116,
-0.001021,
-0.001031,
-0.001091,
-0.001120,
-0.001104,
-0.001077,
-0.001071,
-0.001082,
-0.001092,
-0.001092,
-0.001086,
-0.001082,
-0.001084,
-0.001087,
-0.001088,
-0.001087,
-0.001085,
-0.001085,
-0.001086,
-0.001392,
-0.001758,
-0.001384,
-0.000713,
-0.000422,
-0.000587,
-0.000830,
-0.000872,
-0.000754,
-0.000659,
-0.000669,
-0.000729,
-0.000758,
-0.000742,
-0.000715,
-0.000709,
-0.000720,
-0.000730,
-0.000730,
-0.000724,
-0.000720,
-0.000722,
-0.000725,
-0.000726,
-0.000725,
-0.000723,
-0.000723,
-0.000724,
-0.000724,
-0.000724,
-0.000724,
-0.000724,
-0.000724,
-0.000724,
-0.000724,
-0.000724,
-0.000724,
-0.001029,
-0.001395,
-0.001022,
-0.000351,
-0.000060,
-0.000225,
-0.000468
