/*
    A DCL_runDF23 example with the 
    following controller parameters: 
    .a1 = 0.0341879720f,
    .a2 = -0.7668017816f,
    .a3 = -0.2673861903f,
    .b0 = 1.3436620732f,
    .b1 = 0.3459370813f,
    .b2 = -0.7200660800f,
    .b3 = -0.2790608258f,
*/
0.000000,
0.000000,
0.000000,
0.000000,
0.000000,
0.000000,
0.000000,
0.000000,
0.000000,
0.000000,
0.000000,
0.000000,
0.000000,
0.000000,
0.000000,
0.000000,
0.000000,
0.000000,
0.000000,
0.000000,
0.000000,
0.000000,
0.000000,
0.000000,
0.000000,
0.000000,
0.000000,
0.000000,
0.000000,
0.000000,
0.000000,
0.000000,
0.000000,
0.000000,
0.000000,
0.000000,
0.000000,
0.000000,
0.000000,
0.000000,
0.000000,
0.000000,
0.000000,
0.000000,
0.000000,
0.000000,
0.000000,
0.000000,
0.000000,
0.000000,
0.000000,
0.000000,
0.000000,
0.000000,
0.000000,
0.000000,
0.000000,
0.000000,
0.000000,
0.000000,
0.000000,
0.000000,
0.000000,
0.000000,
0.000000,
0.000000,
0.000000,
0.000000,
0.000000,
0.000000,
0.000000,
0.000000,
0.000000,
0.000000,
0.000000,
0.000000,
0.000000,
0.000000,
0.000000,
0.000000,
0.000000,
0.000000,
0.000000,
0.000000,
0.000000,
0.000000,
0.000000,
0.000000,
0.000000,
0.000000,
0.000000,
0.000000,
0.000000,
0.000000,
0.000000,
0.000000,
0.000000,
0.000000,
0.000000,
0.000000,
0.000000,
0.000000,
0.000000,
0.000000,
0.000000,
0.000000,
0.000000,
0.000000,
0.000000,
0.000000,
0.000000,
0.000000,
0.000000,
0.000000,
0.000000,
0.000000,
0.000000,
0.000000,
0.000000,
0.000000,
0.000000,
0.000000,
0.000000,
0.000000,
0.000000,
0.000000,
0.000000,
0.000000,
0.000000,
0.000000,
0.000000,
0.000000,
0.000000,
0.000000,
0.000000,
0.000000,
0.000000,
0.000000,
0.000000,
0.000000,
0.000000,
0.000000,
0.000000,
0.000000,
0.000000,
0.000000,
0.000000,
0.000000,
0.000000,
0.000000,
0.000000,
0.000000,
0.000000,
0.000000,
0.000000,
0.000000,
0.000000,
0.000000,
0.000000,
0.000000,
0.134366,
0.164366,
0.194038,
0.223637,
0.253162,
0.282287,
0.311592,
0.340169,
0.368853,
0.397064,
0.425054,
0.452825,
0.480048,
0.506978,
0.533943,
0.560032,
0.586083,
0.611841,
0.636979,
0.661749,
0.686482,
0.710594,
0.734339,
0.757391,
0.780331,
0.802904,
0.824784,
0.846552,
0.867625,
0.888588,
0.908856,
0.929012,
0.948475,
0.967498,
0.986409,
1.004627,
1.022404,
1.040071,
1.057043,
1.073576,
1.089997,
1.105724,
1.121012,
1.136188,
1.150670,
1.165041,
1.178717,
1.192282,
1.205480,
1.217985,
1.230378,
1.242404,
1.254065,
1.265359,
1.276288,
1.286849,
1.297045,
1.306875,
1.316666,
1.325836,
1.334640,
1.343407,
1.351551,
1.359658,
1.367472,
1.374993,
1.382221,
1.389156,
1.395798,
1.402147,
1.408203,
1.414294,
1.419837,
1.425087,
1.430373,
1.435439,
1.439956,
1.444509,
1.448843,
1.452956,
1.456850,
1.460524,
1.464307,
1.467614,
1.470703,
1.473899,
1.476621,
1.479451,
1.482135,
1.484344,
1.486662,
1.488833,
1.490857,
1.492735,
1.494467,
1.496052,
1.497819,
1.499184,
1.500403,
1.501803,
1.502803,
1.503983,
1.504763,
1.505724,
1.506612,
1.507098,
1.507766,
1.508361,
1.508882,
1.509331,
1.509706,
1.510008,
1.510236,
1.510392,
1.510802,
1.510884,
1.510893,
1.511157,
1.511092,
1.510955,
1.511072,
1.510861,
1.510905,
1.510621,
1.510592,
1.510234,
1.510132,
1.510029,
1.509926,
1.509496,
1.509320,
1.509144,
1.508968,
1.508465,
1.508216,
1.507967,
1.507718,
1.507469,
1.507220,
1.506971,
1.506722,
1.506473,
1.505896,
1.505573,
1.505251,
1.504929,
1.504607,
1.504284,
1.504290,
1.504041,
1.503792,
1.503543,
1.503294,
1.503045,
1.502796,
1.502547,
1.502298,
1.502049,
1.501800,
1.501551,
1.501302,
1.501053,
1.500804,
1.500883,
1.500707,
1.500531,
1.500356,
1.500180,
1.500004,
1.499829,
1.499653,
1.499477,
1.499301,
1.499125,
1.498950,
1.498774,
1.498598,
1.498423,
1.498247,
1.498399,
1.498297,
1.498194,
1.498091,
1.497989,
1.497886,
1.497784,
1.497681,
1.497579,
1.497476,
1.497374,
1.496943,
1.496767,
1.496591,
1.496416,
1.496240,
1.496064,
1.495888,
1.495713,
1.495537,
1.495361,
1.495185,
1.495010,
1.494834,
1.494330,
1.494081,
1.493832,
1.493583,
1.493334,
1.493085,
1.492836,
1.492587,
1.492010,
1.491688,
1.491366,
1.491043,
1.490721,
1.490071,
1.489675,
1.489280,
1.488884,
1.488489,
1.487765,
1.487297,
1.486828,
1.486359,
1.485890,
1.485093,
1.484551,
1.484010,
1.483468,
1.482597,
1.481982,
1.481367,
1.480752,
1.479809,
1.479120,
1.478432,
1.477743,
1.476727,
1.475965,
1.475203,
1.474442,
1.473352,
1.472517,
1.471682,
1.470847,
1.469684,
1.468776,
1.467867,
1.466959,
1.465723,
1.464741,
1.463760,
1.462451,
1.461396,
1.460341,
1.459287,
1.457904,
1.456776,
1.455648,
1.454520,
1.453064,
1.451863,
1.450662,
1.449460,
1.447931,
1.446657,
1.445382,
1.444108,
1.442505,
1.441158,
1.439810,
1.438463,
1.436787,
1.435366,
1.433945,
1.432525,
1.430775,
1.429281,
1.427787,
1.426293,
1.424471,
1.422904,
1.421336,
1.419769,
1.418201,
1.416306,
1.414665,
1.413025,
1.411384,
1.409744,
1.407775,
1.406061,
1.404347,
1.402633,
1.400919,
1.399205,
1.397164,
1.395376,
1.393589,
1.391802,
1.390015,
1.388228,
1.386441,
1.384326,
1.382465,
1.380605,
1.378745,
1.376884,
1.375024,
1.373164,
1.370975,
1.369042,
1.367108,
1.365175,
1.363241,
1.361307,
1.359374,
1.357440,
1.355507,
1.353573,
1.351311,
1.349304,
1.347298,
1.345291,
1.343284,
1.341277,
1.339271,
1.337263,
1.335257,
1.333250,
1.331243,
1.329236,
1.327229,
1.325223,
1.323216,
1.321209,
1.318874,
1.316794,
1.314714,
1.312634,
1.310553,
1.308474,
1.306393,
1.304313,
1.302233,
1.300153,
1.298073,
1.295993,
1.293913,
1.291832,
1.289752,
1.287672,
1.285592,
1.283512,
1.281432,
1.279352,
1.277272,
1.275192,
1.273111,
1.271031,
1.268951,
1.266871,
1.264791,
1.262711,
1.260631,
1.258878,
1.256872,
1.254865,
1.252858,
1.250851,
1.248845,
1.246838,
1.244831,
1.242824,
1.240817,
1.238810,
1.236804,
1.234797,
1.232790,
1.230783,
1.228776,
1.226769,
1.224763,
1.222756,
1.220749,
1.218742,
1.216735,
1.215057,
1.213123,
1.211189,
1.209256,
1.207322,
1.205389,
1.203455,
1.201521,
1.199588,
1.197654,
1.195721,
1.193787,
1.191853,
1.189920,
1.187986,
1.186381,
1.184520,
1.182660,
1.180800,
1.178939,
1.177079,
1.175219,
1.173358,
1.171498,
1.169638,
1.167777,
1.165917,
1.164057,
1.162197,
1.160664,
1.158877,
1.157090,
1.155303,
1.153516,
1.151729,
1.149942,
1.148155,
1.146367,
1.144580,
1.142793,
1.141006,
1.139219,
1.137760,
1.136046,
1.134332,
1.132618,
1.130904,
1.129190,
1.127477,
1.125763,
1.124049,
1.122335,
1.120621,
1.118907,
1.117521,
1.115881,
1.114240,
1.112600,
1.110959,
1.109318,
1.107678,
1.106037,
1.104396,
1.102756,
1.101115,
1.099475,
1.098162,
1.096595,
1.095027,
1.093460,
1.091892,
1.090325,
1.088758,
1.087191,
1.085623,
1.084056,
1.082488,
1.080921,
1.079682,
1.078188,
1.076693,
1.075199,
1.073705,
1.072211,
1.070717,
1.069223,
1.067729,
1.066235,
1.064740,
1.063575,
1.062153,
1.060733,
1.059312,
1.057891,
1.056470,
1.055049,
1.053628,
1.052207,
1.050787,
1.049366,
1.047945,
1.046852,
1.045505,
1.044157,
1.042809,
1.041462,
1.040114,
1.038767,
1.037419,
1.036071,
1.034724,
1.033376,
1.032029,
1.031009,
1.029734,
1.028460,
1.027185,
1.025911,
1.024637,
1.023362,
1.022088,
1.020813,
1.019539,
1.018264,
1.016990,
1.016043,
1.014842,
1.013641,
1.012440,
1.011239,
1.010037,
1.008836,
1.007635,
1.006434,
1.005233,
1.004032,
1.002830,
1.001629,
1.000756,
0.999628,
0.998500,
0.997372,
0.996244,
0.995116,
0.993988,
0.992860,
0.991732,
0.990604,
0.989476,
0.988349,
0.987549,
0.986494,
0.985439,
0.984385,
0.983330,
0.982275,
0.981221,
0.980166,
0.979111,
0.978057,
0.977002,
0.975947,
0.974892,
0.974166,
0.973184,
0.972203,
0.971221,
0.970240,
0.969258,
0.968277,
0.967295,
0.966314,
0.965333,
0.964351,
0.963370,
0.962388,
0.961735,
0.960827,
0.959918,
0.959010,
0.958102,
0.957194,
0.956286,
0.955377,
0.954469,
0.953561,
0.952653,
0.951745,
0.950836,
0.950256,
0.949421,
0.948586,
0.947751,
0.946916,
0.946082,
0.945247,
0.944412,
0.943577,
0.942742,
0.941907,
0.941072,
0.940237,
0.939402,
0.938895,
0.938133,
0.937371,
0.936610,
0.935848,
0.935086,
0.934325,
0.933563,
0.932801,
0.932040,
0.931278,
0.930516,
0.929754,
0.928993,
0.928559,
0.927871,
0.927182,
0.926494,
0.925805,
0.925117,
0.924428,
0.923740,
0.923051,
0.922363,
0.921674,
0.920986,
0.920298,
0.919609,
0.918921,
0.918560,
0.917945,
0.917330,
0.916715,
0.916099,
0.915484,
0.914869,
0.914254,
0.913638,
0.913023,
0.912408,
0.911793,
0.911177,
0.910562,
0.909947,
0.909332,
0.909044,
0.908503,
0.907961,
0.773052,
0.742510,
0.712296,
0.682156,
0.652088,
0.622422,
0.592902,
0.563529,
0.534302,
0.505550,
0.477018,
0.449033,
0.421013,
0.393541,
0.366362,
0.339476,
0.312883,
0.286911,
0.261305,
0.235737,
0.210791,
0.186210,
0.161996,
0.138476,
0.115067,
0.092025,
0.069677,
0.047440,
0.025898,
0.004466,
-0.016270,
-0.036568,
-0.056426,
-0.076172,
-0.095224,
-0.113837,
-0.132339,
-0.150146,
-0.167513,
-0.184442,
-0.201258,
-0.217381,
-0.233064,
-0.248636,
-0.263513,
-0.278279,
-0.292351,
-0.306311,
-0.319578,
-0.332732,
-0.345521,
-0.357615,
-0.369598,
-0.381215,
-0.392465,
-0.403349,
-0.413867,
-0.424347,
-0.434206,
-0.443698,
-0.453153,
-0.461986,
-0.470781,
-0.478956,
-0.487092,
-0.494935,
-0.502485,
-0.509742,
-0.516706,
-0.523378,
-0.529756,
-0.535841,
-0.541962,
-0.547534,
-0.553142,
-0.558202,
-0.563297,
-0.568172,
-0.572827,
-0.577263,
-0.581479,
-0.585476,
-0.589252,
-0.592809,
-0.596146,
-0.599592,
-0.602563,
-0.605642,
-0.608575,
-0.611033,
-0.613600,
-0.616020,
-0.618293,
-0.620420,
-0.622401,
-0.624235,
-0.625923,
-0.627464,
-0.629187,
-0.630508,
-0.632011,
-0.633113,
-0.634396,
-0.635278,
-0.636342,
-0.637332,
-0.638249,
-0.638765,
-0.639462,
-0.640087,
-0.640637,
-0.641115,
-0.641519,
-0.642179,
-0.642510,
-0.642768,
-0.642952,
-0.643392,
-0.643503,
-0.643541,
-0.643834,
-0.643799,
-0.644019,
-0.643911,
-0.644057,
-0.643876,
-0.643949,
-0.644022,
-0.643767,
-0.643767,
-0.643767,
-0.643439,
-0.643366,
-0.643293,
-0.643219,
-0.643146,
-0.642745,
-0.642599,
-0.642452,
-0.642305,
-0.642159,
-0.642013,
-0.641866,
-0.641720,
-0.641573,
-0.641427,
-0.641280,
-0.641134,
-0.640987,
-0.640841,
-0.640694,
-0.640548,
-0.640401,
-0.640255,
-0.640108,
-0.639962,
-0.639815,
-0.639669,
-0.639522,
-0.639376,
-0.639229,
-0.639083,
-0.638936,
-0.638790,
-0.638643,
-0.638497,
-0.638678,
-0.638605,
-0.638532,
-0.638459,
-0.638385,
-0.638312,
-0.638239,
-0.638166,
-0.638092,
-0.638019,
-0.637946,
-0.637873,
-0.637799,
-0.637726,
-0.637653,
-0.637580,
-0.637507,
-0.637433,
-0.637360,
-0.637287,
-0.637214,
-0.637140,
-0.637067,
-0.636994,
-0.636921,
-0.636847,
-0.636774,
-0.636701,
-0.636628,
-0.636226,
-0.636080,
-0.635933,
-0.635787,
-0.635640,
-0.635494,
-0.635347,
-0.635201,
-0.635054,
-0.634580,
-0.634360,
-0.634140,
-0.633921,
-0.633701,
-0.633481,
-0.632933,
-0.632640,
-0.632347,
-0.632055,
-0.631762,
-0.631469,
-0.630848,
-0.630481,
-0.630115,
-0.629749,
-0.629383,
-0.628688,
-0.628249,
-0.627810,
-0.627370,
-0.626603,
-0.626090,
-0.625577,
-0.625065,
-0.624224,
-0.623638,
-0.623052,
-0.622466,
-0.621552,
-0.620893,
-0.620234,
-0.619574,
-0.618587,
-0.617855,
-0.617122,
-0.616062,
-0.615256,
-0.614451,
-0.613645,
-0.612511,
-0.611632,
-0.610753,
-0.609874,
-0.608667,
-0.607715,
-0.606763,
-0.605483,
-0.604458,
-0.603432,
-0.602407,
-0.601053,
-0.599955,
-0.598856,
-0.597757,
-0.596331,
-0.595159,
-0.593987,
-0.592487,
-0.591242,
-0.589997,
-0.588752,
-0.587179,
-0.585860,
-0.584542,
-0.583224,
-0.581577,
-0.580186,
-0.578794,
-0.577402,
-0.575683,
-0.574218,
-0.572753,
-0.571288,
-0.569495,
-0.567957,
-0.566419,
-0.564881,
-0.563343,
-0.561477,
-0.559866,
-0.558254,
-0.556643,
-0.554704,
-0.553019,
-0.551334,
-0.549650,
-0.547965,
-0.546281,
-0.544268,
-0.542510,
-0.540752,
-0.538995,
-0.537237,
-0.535151,
-0.533320,
-0.531489,
-0.529658,
-0.527827,
-0.525996,
-0.524165,
-0.522006,
-0.520101,
-0.518197,
-0.516293,
-0.514388,
-0.512484,
-0.510580,
-0.508347,
-0.506370,
-0.504392,
-0.502415,
-0.500437,
-0.498460,
-0.496482,
-0.494505,
-0.492527,
-0.490549,
-0.488244,
-0.486193,
-0.484142,
-0.482091,
-0.480041,
-0.477990,
-0.475939,
-0.473888,
-0.471838,
-0.469787,
-0.467736,
-0.465685,
-0.463634,
-0.461584,
-0.459533,
-0.457482,
-0.455103,
-0.452979,
-0.450855,
-0.448731,
-0.446607,
-0.444483,
-0.442359,
-0.440235,
-0.438111,
-0.435987,
-0.433863,
-0.431739,
-0.429615,
-0.427491,
-0.425367,
-0.423243,
-0.421119,
-0.418995,
-0.416871,
-0.414747,
-0.412623,
-0.410499,
-0.408375,
-0.406251,
-0.404127,
-0.402003,
-0.399879,
-0.397755,
-0.395959,
-0.393908,
-0.391857,
-0.389806,
-0.387756,
-0.385705,
-0.383654,
-0.381603,
-0.379552,
-0.377502,
-0.375451,
-0.373400,
-0.371349,
-0.369298,
-0.367248,
-0.365197,
-0.363146,
-0.361095,
-0.359044,
-0.356994,
-0.354943,
-0.352892,
-0.350841,
-0.349119,
-0.347141,
-0.345163,
-0.343186,
-0.341208,
-0.339231,
-0.337253,
-0.335276,
-0.333298,
-0.331321,
-0.329343,
-0.327365,
-0.325388,
-0.323410,
-0.321433,
-0.319783,
-0.317879,
-0.315975,
-0.314070,
-0.312166,
-0.310262,
-0.308358,
-0.306453,
-0.304549,
-0.302645,
-0.300740,
-0.298836,
-0.296932,
-0.295356,
-0.293525,
-0.291693,
-0.289862,
-0.288031,
-0.286200,
-0.284369,
-0.282538,
-0.280707,
-0.278876,
-0.277045,
-0.275214,
-0.273383,
-0.271880,
-0.270122,
-0.268364,
-0.266606,
-0.264849,
-0.263091,
-0.261333,
-0.259575,
-0.257817,
-0.256060,
-0.254302,
-0.252544,
-0.251114,
-0.249430,
-0.247745,
-0.246060,
-0.244376,
-0.242691,
-0.241007,
-0.239322,
-0.237638,
-0.235953,
-0.234268,
-0.232584,
-0.231227,
-0.229616,
-0.228005,
-0.226393,
-0.224782,
-0.223171,
-0.221559,
-0.219948,
-0.218337,
-0.216725,
-0.215114,
-0.213503,
-0.212219,
-0.210681,
-0.209143,
-0.207605,
-0.206067,
-0.204529,
-0.202991,
-0.201453,
-0.199915,
-0.198377,
-0.196839,
-0.195629,
-0.194164,
-0.192699,
-0.191234,
-0.189769,
-0.188304,
-0.186840,
-0.185375,
-0.183910,
-0.182445,
-0.180980,
-0.179515,
-0.178379,
-0.176987,
-0.175595,
-0.174204,
-0.172812,
-0.171420,
-0.170029,
-0.168637,
-0.167246,
-0.165854,
-0.164462,
-0.163399,
-0.162081,
-0.160762,
-0.159444,
-0.158125,
-0.156807,
-0.155489,
-0.154170,
-0.152852,
-0.151534,
-0.150215,
-0.148897,
-0.147907,
-0.146662,
-0.145416,
-0.144171,
-0.142926,
-0.141681,
-0.140436,
-0.139191,
-0.137946,
-0.136701,
-0.135456,
-0.134210,
-0.133293,
-0.132121,
-0.130950,
-0.129778,
-0.128606,
-0.127434,
-0.126262,
-0.125090,
-0.123918,
-0.122746,
-0.121575,
-0.120403,
-0.119559,
-0.118460,
-0.117362,
-0.116263,
-0.115164,
-0.114066,
-0.112967,
-0.111868,
-0.110770,
-0.109671,
-0.108573,
-0.107474,
-0.106703,
-0.105678,
-0.104653,
-0.103627,
-0.102602,
-0.101576,
-0.100551,
-0.099526,
-0.098500,
-0.097475,
-0.096449,
-0.095424,
-0.094399,
-0.093701,
-0.092749,
-0.091797,
-0.090845,
-0.089893,
-0.088941,
-0.087988,
-0.087036,
-0.086084,
-0.085132,
-0.084180,
-0.083228,
-0.082276,
-0.081651,
-0.080773,
-0.079894,
-0.079015,
-0.078136,
-0.077257,
-0.076378,
-0.075499,
-0.074620,
-0.073741,
-0.072862,
-0.071983,
-0.071105,
-0.070554,
-0.069748,
-0.068942,
-0.068137,
-0.067331,
-0.066525,
-0.065720,
-0.064914,
-0.064108,
-0.063303,
-0.062497,
-0.061691,
-0.060886,
-0.060080,
-0.059602,
-0.058870,
-0.058138,
-0.057405,
-0.056673,
-0.055940,
-0.055208,
-0.054476,
-0.053743,
-0.053011,
-0.052278,
-0.051546,
-0.050813,
-0.050081,
-0.049349,
-0.048944,
-0.048285,
-0.047626,
-0.046967,
-0.046307,
-0.045648,
-0.044989,
-0.044330,
-0.043671,
-0.043012,
-0.042352,
-0.041693,
-0.041034,
-0.040375,
-0.039716,
-0.039385,
-0.038799,
-0.038213,
-0.037627,
-0.037041,
-0.036455,
-0.035869,
-0.035283,
-0.034697,
-0.034111,
-0.033525,
-0.032939,
-0.032353,
-0.031767,
-0.031181,
-0.030595,
-0.030338,
-0.029825,
-0.029312,
-0.028800,
-0.028287,
-0.027774,
-0.027261,
-0.026749,
-0.026236,
-0.025723,
-0.025211,
-0.024698,
-0.024185,
-0.023673,
-0.023160,
-0.022647,
-0.022134,
-0.021950,
-0.021510,
-0.021071,
-0.020631,
-0.020192,
-0.019753,
-0.019313,
-0.018874,
-0.018434,
-0.017995,
-0.017555,
-0.017116,
-0.016676,
-0.016237,
-0.015797,
-0.015358,
-0.014919,
-0.014479,
-0.014040,
-0.013600,
-0.013489,
-0.013123,
-0.012756,
-0.012390,
-0.012024,
-0.011658,
-0.011292,
-0.010925,
-0.010559,
-0.010193,
-0.009827,
-0.009460,
-0.009094,
-0.008728,
-0.008362,
-0.007996,
-0.007629,
-0.007263,
-0.006897,
-0.006531,
-0.006165,
-0.006126,
-0.005833,
-0.005540,
-0.005247,
-0.004955,
-0.004662,
-0.004369,
-0.004076,
-0.003783,
-0.003490,
-0.003197,
-0.002904,
-0.002611,
-0.002318,
-0.002025,
-0.001732,
-0.001439,
-0.001146,
-0.000853,
-0.000560,
-0.000267,
0.000026,
0.000319,
0.000612,
0.000905,
0.000870,
0.001090,
0.001309,
0.001529,
0.001749,
0.001968,
0.002188,
0.002408,
0.002628,
0.002847,
0.003067,
0.003287,
0.003506,
0.003726,
0.003946,
0.004166,
0.004385,
0.004605,
0.004825,
0.005045,
0.005264,
0.005484,
0.005704,
0.005923,
0.006143,
0.006363,
0.006583,
0.006802,
0.006694,
0.006841,
0.006987,
0.007134,
0.007280,
0.007427,
0.007573,
0.007719,
0.007866,
0.008012,
0.008159,
0.008305,
0.008452,
0.008598,
0.008745,
0.008891,
0.009038,
0.009184,
0.009331,
0.009477,
0.009624,
0.009770,
0.009917,
0.010063,
0.010210,
0.010356,
0.010503,
0.010649,
0.010796,
0.010942,
0.011089,
0.011235,
0.011382,
0.011528,
0.011675,
0.011821,
0.011968,
0.011786,
0.011859,
0.011932,
0.012006,
0.012079,
0.012152,
0.012225
